[20,30,35,40,45,50,55,60,70] [20,35,30,45,40,55,70,60,50] post
50(40(30(20)(35))(45))(60(55)(70))
**** ****
[1,2,3] [3,1,2] post
error
**** ****
[29,44,73] [29,73,44] post
44(29)(73)
**** ****
[91] [91] post
91
**** ****
[88,78,56,1,94,88,96] [88,56,78,94,96,88,1] post
error
**** ****
[68,11,63] [68,63,11] post
11(68)(63)
**** ****
[69,61,4,81,39,31,11] [69,4,61,39,11,31,81] post
81(61(69)(4))(31(39)(11))
**** ****
[49] [49] post
49
**** ****
[50] [50] post
50
**** ****
[18,28,36,26,85,50,21] [18,36,28,85,21,50,26] post
26(28(18)(36))(50(85)(21))
**** ****
[3,13,1] [3,1,13] post
13(3)(1)
**** ****
[30,2,33] [30,33,2] post
2(30)(33)
**** ****
[87,17,90,29,27,53,44] [87,90,17,27,44,53,29] post
29(17(87)(90))(53(27)(44))
**** ****
[91,26,60,24,27,84,79] [91,60,26,27,79,84,24] post
24(26(91)(60))(84(27)(79))
**** ****
[84] [84] post
84
**** ****
[87] [87] post
87
**** ****
[84] [84] post
84
**** ****
[74] [74] post
74
**** ****
[59,78,90,94,85,21,37] [59,90,78,85,37,21,94] post
94(78(59)(90))(21(85)(37))
**** ****
[14,6,1] [14,1,6] post
6(14)(1)
**** ****
[46,47,5] [46,5,47] post
47(46)(5)
**** ****
[30] [30] post
30
**** ****
[8,2,99] [8,99,2] post
2(8)(99)
**** ****
[17,65,33] [17,33,65] post
65(17)(33)
**** ****
[25] [25] post
25
**** ****
[39,76,6] [39,6,76] post
76(39)(6)
**** ****
[65] [65] post
65
**** ****
[93] [93] post
93
**** ****
[33,36,92] [33,92,36] post
36(33)(92)
**** ****
[92] [92] post
92
**** ****
[57] [57] post
57
**** ****
[38,77,58] [38,58,77] post
77(38)(58)
**** ****
[86,70,80,56,26,93,74] [86,80,70,26,74,93,56] post
56(70(86)(80))(93(26)(74))
**** ****
[54,69,80,62,58,24,29] [54,80,69,58,29,24,62] post
62(69(54)(80))(24(58)(29))
**** ****
[96] [96] post
96
**** ****
[9] [9] post
9
**** ****
[16,97,7,50,54,10,81] [16,7,97,54,81,10,50] post
50(97(16)(7))(10(54)(81))
**** ****
[50,72,10] [50,10,72] post
72(50)(10)
**** ****
[3] [3] post
3
**** ****
[45] [45] post
45
**** ****
[28] [28] post
28
**** ****
[24,93,53] [24,53,93] post
93(24)(53)
**** ****
[5] [5] post
5
**** ****
[43] [43] post
43
**** ****
[46,95,7] [46,7,95] post
95(46)(7)
**** ****
[85,42,49] [85,49,42] post
42(85)(49)
**** ****
[13] [13] post
13
**** ****
[65] [65] post
65
**** ****
[90,88,8,39,36,10,84] [90,8,88,36,84,10,39] post
39(88(90)(8))(10(36)(84))
**** ****
[45,93,41] [45,41,93] post
93(45)(41)
**** ****
[82,4,4,87,67,47,79] [82,4,4,67,79,47,87] post
error
**** ****
[22,1,13,41,20,55,24] [22,13,1,20,24,55,41] post
41(1(22)(13))(55(20)(24))
**** ****
[65,52,3] [65,3,52] post
52(65)(3)
**** ****
[8,71,5] [8,5,71] post
71(8)(5)
**** ****
[84] [84] post
84
**** ****
[65,84,94,55,53,71,53] [65,94,84,53,53,71,55] post
error
**** ****
[48,6,52] [48,52,6] post
6(48)(52)
**** ****
[79,5,42,30,60,77,13] [79,42,5,60,13,77,30] post
30(5(79)(42))(77(60)(13))
**** ****
[41,8,43,16,40,98,99] [41,43,8,40,99,98,16] post
16(8(41)(43))(98(40)(99))
**** ****
[67] [67] post
67
**** ****
[49,77,12,52,20,62,96] [49,12,77,20,96,62,52] post
52(77(49)(12))(62(20)(96))
**** ****
[83,50,6] [83,6,50] post
50(83)(6)
**** ****
[42,8,33] [42,33,8] post
8(42)(33)
**** ****
[56,7,46,31,49,50,96] [56,46,7,49,96,50,31] post
31(7(56)(46))(50(49)(96))
**** ****
[46,56,84,37,78,48,55] [46,84,56,78,55,48,37] post
37(56(46)(84))(48(78)(55))
**** ****
[73,10,93,62,17,12,46] [73,93,10,17,46,12,62] post
62(10(73)(93))(12(17)(46))
**** ****
[95,38,74] [95,74,38] post
38(95)(74)
**** ****
[89] [89] post
89
**** ****
[82,53,10,78,95,93,40] [82,10,53,95,40,93,78] post
78(53(82)(10))(93(95)(40))
**** ****
[61,21,11] [61,11,21] post
21(61)(11)
**** ****
[14,15,40] [14,40,15] post
15(14)(40)
**** ****
[59,92,5] [59,5,92] post
92(59)(5)
**** ****
[5] [5] post
5
**** ****
[12,77,43,16,56,98,52] [12,43,77,56,52,98,16] post
16(77(12)(43))(98(56)(52))
**** ****
[79,92,47,24,17,84,96] [79,47,92,17,96,84,24] post
24(92(79)(47))(84(17)(96))
**** ****
[96] [96] post
96
**** ****
[26,87,45,40,59,69,57] [26,45,87,59,57,69,40] post
40(87(26)(45))(69(59)(57))
**** ****
[43,41,19,54,62,64,81] [43,19,41,62,81,64,54] post
54(41(43)(19))(64(62)(81))
**** ****
[90] [90] post
90
**** ****
[49,62,19,43,2,45,20] [49,19,62,2,20,45,43] post
43(62(49)(19))(45(2)(20))
**** ****
[81,21,42] [81,42,21] post
21(81)(42)
**** ****
[3,74,95,18,90,71,12] [3,95,74,90,12,71,18] post
18(74(3)(95))(71(90)(12))
**** ****
[25] [25] post
25
**** ****
[35,76,49,46,75,96,12] [35,49,76,75,12,96,46] post
46(76(35)(49))(96(75)(12))
**** ****
[88,2,21] [88,21,2] post
2(88)(21)
**** ****
[46] [46] post
46
**** ****
[15,60,33,13,2,9,81] [15,33,60,2,81,9,13] post
13(60(15)(33))(9(2)(81))
**** ****
[31,7,6] [31,6,7] post
7(31)(6)
**** ****
[95,81,59] [95,59,81] post
81(95)(59)
**** ****
[91] [91] post
91
**** ****
[68,31,6,23,34,63,30] [68,6,31,34,30,63,23] post
23(31(68)(6))(63(34)(30))
**** ****
[58,25,28] [58,28,25] post
25(58)(28)
**** ****
[29] [29] post
29
**** ****
[83,93,96,26,1,27,64] [83,96,93,1,64,27,26] post
26(93(83)(96))(27(1)(64))
**** ****
[55,46,49] [55,49,46] post
46(55)(49)
**** ****
[90] [90] post
90
**** ****
[30,49,41] [30,41,49] post
49(30)(41)
**** ****
[27] [27] post
27
**** ****
[74] [74] post
74
**** ****
[5] [5] post
5
**** ****
[92,34,46] [92,46,34] post
34(92)(46)
**** ****
[94,15,68,19,66,74,29] [94,68,15,66,29,74,19] post
19(15(94)(68))(74(66)(29))
**** ****
[55,36,2] [55,2,36] post
36(55)(2)
**** ****
[93,48,74] [93,74,48] post
48(93)(74)
**** ****
[81,97,46] [81,46,97] post
97(81)(46)
**** ****
[98] [98] post
98
**** ****
[43,69,30] [43,30,69] post
69(43)(30)
**** ****
[27,10,4] [27,4,10] post
10(27)(4)
**** ****
[58,18,16,53,26,83,37] [58,16,18,26,37,83,53] post
53(18(58)(16))(83(26)(37))
**** ****
[67,89,91,63,65,26,32] [67,91,89,65,32,26,63] post
63(89(67)(91))(26(65)(32))
**** ****
[89,1,76,53,49,80,14] [89,76,1,49,14,80,53] post
53(1(89)(76))(80(49)(14))
**** ****
[30] [30] post
30
**** ****
[89,8,50,71,7,67,5] [89,50,8,7,5,67,71] post
71(8(89)(50))(67(7)(5))
**** ****
[45,82,71] [45,71,82] post
82(45)(71)
**** ****
[87,28,99,70,22,42,93] [87,99,28,22,93,42,70] post
70(28(87)(99))(42(22)(93))
**** ****
[70] [70] post
70
**** ****
[60] [60] post
60
**** ****
[88,70,99] [88,99,70] post
70(88)(99)
**** ****
[85,93,2,60,36,75,27] [85,2,93,36,27,75,60] post
60(93(85)(2))(75(36)(27))
**** ****
[14,27,31] [14,31,27] post
27(14)(31)
**** ****
[91,69,57] [91,57,69] post
69(91)(57)
**** ****
[74] [74] post
74
**** ****
[75,9,14,30,69,85,50] [75,14,9,69,50,85,30] post
30(9(75)(14))(85(69)(50))
**** ****
[22,78,44,64,82,46,8] [22,44,78,82,8,46,64] post
64(78(22)(44))(46(82)(8))
**** ****
[22,42,50,75,85,99,81] [22,50,42,85,81,99,75] post
75(42(22)(50))(99(85)(81))
**** ****
[97] [97] post
97
**** ****
[52] [52] post
52
**** ****
[51,42,67,89,82,4,48] [51,67,42,82,48,4,89] post
89(42(51)(67))(4(82)(48))
**** ****
[21,42,28,46,38,48,73] [21,28,42,38,73,48,46] post
46(42(21)(28))(48(38)(73))
**** ****
[39,42,14] [39,14,42] post
42(39)(14)
**** ****
[34,25,96] [34,96,25] post
25(34)(96)
**** ****
[74,33,43] [74,43,33] post
33(74)(43)
**** ****
[28] [28] post
28
**** ****
[96,5,8,5,56,2,7] [96,8,5,56,7,2,5] post
error
**** ****
[65,46,49] [65,49,46] post
46(65)(49)
**** ****
[57] [57] post
57
**** ****
[94] [94] post
94
**** ****
[52,88,51,90,88,97,57] [52,51,88,88,57,97,90] post
error
**** ****
[6,43,29,67,58,6,76] [6,29,43,58,76,6,67] post
error
**** ****
[80] [80] post
80
**** ****
[30] [30] post
30
**** ****
[56] [56] post
56
**** ****
[57,51,90] [57,90,51] post
51(57)(90)
**** ****
[31,19,20,26,68,73,65] [31,20,19,68,65,73,26] post
26(19(31)(20))(73(68)(65))
**** ****
[75] [75] post
75
**** ****
[2,2,12] [2,12,2] post
error
**** ****
[54,14,11,36,4,25,8] [54,11,14,4,8,25,36] post
36(14(54)(11))(25(4)(8))
**** ****
[78,86,80,6,58,59,43] [78,80,86,58,43,59,6] post
6(86(78)(80))(59(58)(43))
**** ****
[82,7,77,68,70,23,1] [82,77,7,70,1,23,68] post
68(7(82)(77))(23(70)(1))
**** ****
[67,28,95] [67,95,28] post
28(67)(95)
**** ****
[19,44,28] [19,28,44] post
44(19)(28)
**** ****
[52,69,74] [52,74,69] post
69(52)(74)
**** ****
[98,32,21] [98,21,32] post
32(98)(21)
**** ****
[66,62,38] [66,38,62] post
62(66)(38)
**** ****
[65] [65] post
65
**** ****
[50,30,53] [50,53,30] post
30(50)(53)
**** ****
[12,64,95] [12,95,64] post
64(12)(95)
**** ****
[47,48,57] [47,57,48] post
48(47)(57)
**** ****
[34,6,95] [34,95,6] post
6(34)(95)
**** ****
[39,81,78] [39,78,81] post
81(39)(78)
**** ****
[25,26,25] [25,25,26] post
error
**** ****
[71,36,57,79,60,77,84] [71,57,36,60,84,77,79] post
79(36(71)(57))(77(60)(84))
**** ****
[20] [20] post
20
**** ****
[27,26,98] [27,98,26] post
26(27)(98)
**** ****
[90,89,82,75,75,8,83] [90,82,89,75,83,8,75] post
error
**** ****
[85,19,51,15,30,7,19] [85,51,19,30,19,7,15] post
error
**** ****
[34] [34] post
34
**** ****
[37,16,90,65,10,51,16] [37,90,16,10,16,51,65] post
error
**** ****
[56,84,33,13,64,46,4] [56,33,84,64,4,46,13] post
13(84(56)(33))(46(64)(4))
**** ****
[94,20,41] [94,41,20] post
20(94)(41)
**** ****
[7,97,23] [7,23,97] post
97(7)(23)
**** ****
[67,88,65,80,89,59,39] [67,65,88,89,39,59,80] post
80(88(67)(65))(59(89)(39))
**** ****
[17,42,99,94,20,32,34] [17,99,42,20,34,32,94] post
94(42(17)(99))(32(20)(34))
**** ****
[75,54,98,83,50,3,44] [75,98,54,50,44,3,83] post
83(54(75)(98))(3(50)(44))
**** ****
[79] [79] post
79
**** ****
[61] [61] post
61
**** ****
[75,36,23,43,36,10,44] [75,23,36,36,44,10,43] post
error
**** ****
[29,75,4,92,3,29,15] [29,4,75,3,15,29,92] post
error
**** ****
[64] [64] post
64
**** ****
[93,58,10] [93,10,58] post
58(93)(10)
**** ****
[61,13,18] [61,18,13] post
13(61)(18)
**** ****
[78,30,78] [78,78,30] post
error
**** ****
[52,98,45] [52,45,98] post
98(52)(45)
**** ****
[7,38,24,88,12,17,39] [7,24,38,12,39,17,88] post
88(38(7)(24))(17(12)(39))
**** ****
[37,54,8] [37,8,54] post
54(37)(8)
**** ****
[98] [98] post
98
**** ****
[84,16,2,86,63,87,65] [84,2,16,63,65,87,86] post
86(16(84)(2))(87(63)(65))
**** ****
[86,95,1,96,3,2,97] [86,1,95,3,97,2,96] post
96(95(86)(1))(2(3)(97))
**** ****
[78,81,31,86,57,4,21] [78,31,81,57,21,4,86] post
86(81(78)(31))(4(57)(21))
**** ****
[90,41,21] [90,21,41] post
41(90)(21)
**** ****
[62,3,31] [62,31,3] post
3(62)(31)
**** ****
[63] [63] post
63
**** ****
[18,45,43,45,5,86,4] [18,43,45,5,4,86,45] post
error
**** ****
[87,63,99] [87,99,63] post
63(87)(99)
**** ****
[47,33,44,33,7,80,19] [47,44,33,7,19,80,33] post
error
**** ****
[46] [46] post
46
**** ****
[41,85,58,47,36,96,88] [41,58,85,36,88,96,47] post
47(85(41)(58))(96(36)(88))
**** ****
[51,88,14,89,73,29,83] [51,14,88,73,83,29,89] post
89(88(51)(14))(29(73)(83))
**** ****
[62,58,97] [62,97,58] post
58(62)(97)
**** ****
[75,60,80] [75,80,60] post
60(75)(80)
**** ****
[1] [1] post
1
**** ****
[68] [68] post
68
**** ****
[36] [36] post
36
**** ****
[12,29,82] [12,82,29] post
29(12)(82)
**** ****
[17,45,82] [17,82,45] post
45(17)(82)
**** ****
[57,44,18] [57,18,44] post
44(57)(18)
**** ****
[86,28,75] [86,75,28] post
28(86)(75)
**** ****
[43,59,43,38,24,83,77] [43,43,59,24,77,83,38] post
error
**** ****
[34] [34] post
34
**** ****
[72,37,48] [72,48,37] post
37(72)(48)
**** ****
[74] [74] post
74
**** ****
[46,78,72] [46,72,78] post
78(46)(72)
**** ****
[8,72,59] [8,59,72] post
72(8)(59)
**** ****
[20] [20] post
20
**** ****
[17] [17] post
17
**** ****
[83] [83] post
83
**** ****
[74,68,25] [74,25,68] post
68(74)(25)
**** ****
[35] [35] post
35
**** ****
[39,51,26,43,8,10,68] [39,26,51,8,68,10,43] post
43(51(39)(26))(10(8)(68))
**** ****
[51] [51] post
51
**** ****
[48] [48] post
48
**** ****
[85,62,2,2,14,97,82] [85,2,62,14,82,97,2] post
error
**** ****
[69,7,82] [69,82,7] post
7(69)(82)
**** ****
[30,33,41,37,63,64,61] [30,41,33,63,61,64,37] post
37(33(30)(41))(64(63)(61))
**** ****
[26] [26] post
26
**** ****
[83,59,95] [83,95,59] post
59(83)(95)
**** ****
[79] [79] post
79
**** ****
[55] [55] post
55
**** ****
[12] [12] post
12
**** ****
[93,38,91,71,3,77,64] [93,91,38,3,64,77,71] post
71(38(93)(91))(77(3)(64))
**** ****
[21,72,50,41,13,45,3] [21,50,72,13,3,45,41] post
41(72(21)(50))(45(13)(3))
**** ****
[80] [80] post
80
**** ****
[55] [55] post
55
**** ****
[6] [6] post
6
**** ****
[41,38,67,95,16,12,65] [41,67,38,16,65,12,95] post
95(38(41)(67))(12(16)(65))
**** ****
[48] [48] post
48
**** ****
[91] [91] post
91
**** ****
[71] [71] post
71
**** ****
[1] [1] post
1
**** ****
[73,37,97,20,79,41,86] [73,97,37,79,86,41,20] post
20(37(73)(97))(41(79)(86))
**** ****
[50,91,54,23,88,81,20] [50,54,91,88,20,81,23] post
23(91(50)(54))(81(88)(20))
**** ****
[57,90,8,58,51,52,84] [57,8,90,51,84,52,58] post
58(90(57)(8))(52(51)(84))
**** ****
[60,55,11,26,6,34,38] [60,11,55,6,38,34,26] post
26(55(60)(11))(34(6)(38))
**** ****
[93,28,9] [93,9,28] post
28(93)(9)
**** ****
[78,72,47,45,75,4,34] [78,47,72,75,34,4,45] post
45(72(78)(47))(4(75)(34))
**** ****
[1] [1] post
1
**** ****
[37,88,80,46,18,44,50] [37,80,88,18,50,44,46] post
46(88(37)(80))(44(18)(50))
**** ****
[39,18,95,14,80,91,42] [39,95,18,80,42,91,14] post
14(18(39)(95))(91(80)(42))
**** ****
[96] [96] post
96
**** ****
[4,2,11] [4,11,2] post
2(4)(11)
**** ****
[43,35,33,92,56,13,82] [43,33,35,56,82,13,92] post
92(35(43)(33))(13(56)(82))
**** ****
[9] [9] post
9
**** ****
[91] [91] post
91
**** ****
[79] [79] post
79
**** ****
[52,66,14,42,82,43,44] [52,14,66,82,44,43,42] post
42(66(52)(14))(43(82)(44))
**** ****
[98,64,79,79,35,35,10] [98,79,64,35,10,35,79] post
error
**** ****
[36] [36] post
36
**** ****
[87] [87] post
87
**** ****
[78,71,50,70,46,26,38] [78,50,71,46,38,26,70] post
70(71(78)(50))(26(46)(38))
**** ****
[71,7,58] [71,58,7] post
7(71)(58)
**** ****
[81,25,18] [81,18,25] post
25(81)(18)
**** ****
[31,71,14,3,12,34,89] [31,14,71,12,89,34,3] post
3(71(31)(14))(34(12)(89))
**** ****
[30] [30] post
30
**** ****
[99,65,75,99,60,15,74] [99,75,65,60,74,15,99] post
error
**** ****
[19,42,74] [19,74,42] post
42(19)(74)
**** ****
[80] [80] post
80
**** ****
[57] [57] post
57
**** ****
[11,58,11] [11,11,58] post
error
**** ****
[32,29,79] [32,79,29] post
29(32)(79)
**** ****
[48] [48] post
48
**** ****
[77,21,99] [77,99,21] post
21(77)(99)
**** ****
[49] [49] post
49
**** ****
[37,82,23] [37,23,82] post
82(37)(23)
**** ****
[93,97,12] [93,12,97] post
97(93)(12)
**** ****
[48,13,12] [48,12,13] post
13(48)(12)
**** ****
[20,47,46] [20,46,47] post
47(20)(46)
**** ****
[19] [19] post
19
**** ****
[86,49,34] [86,34,49] post
49(86)(34)
**** ****
[34,88,55,90,39,85,10] [34,55,88,39,10,85,90] post
90(88(34)(55))(85(39)(10))
**** ****
[56,10,70,64,13,86,36] [56,70,10,13,36,86,64] post
64(10(56)(70))(86(13)(36))
**** ****
[15] [15] post
15
**** ****
[93,76,59,58,66,76,35] [93,59,76,66,35,76,58] post
error
**** ****
[38,75,89] [38,89,75] post
75(38)(89)
**** ****
[24,29] [24,29] post
29(24)()
**** ****
[5,37,28,13,5,81,12] [5,28,37,5,12,81,13] post
error
**** ****
[43] [43] post
43
**** ****
[25] [25] post
25
**** ****
[41,27,34] [41,34,27] post
27(41)(34)
**** ****
[1] [1] post
1
**** ****
[45,91,1] [45,1,91] post
91(45)(1)
**** ****
[81] [81] post
81
**** ****
[71,58,17] [71,17,58] post
58(71)(17)
**** ****
[57] [57] post
57
**** ****
[79,1,6,79,49,16,95] [79,6,1,49,95,16,79] post
error
**** ****
[19] [19] post
19
**** ****
[74,99,50,63,72,83,53] [74,50,99,72,53,83,63] post
63(99(74)(50))(83(72)(53))
**** ****
[55,25,39,70,1,36,20] [55,39,25,1,20,36,70] post
70(25(55)(39))(36(1)(20))
**** ****
[54,63,87] [54,87,63] post
63(54)(87)
**** ****
[15,81,51] [15,51,81] post
81(15)(51)
**** ****
[54] [54] post
54
**** ****
[44,38,62,76,73,46,66] [44,62,38,73,66,46,76] post
76(38(44)(62))(46(73)(66))
**** ****
[89,25,35,31,99,91,40] [89,35,25,99,40,91,31] post
31(25(89)(35))(91(99)(40))
**** ****
[55] [55] post
55
**** ****
[44,97,11,13,40,35] [44,11,97,35,40,13] post
13(97(44)(11))(40()(35))
**** ****
[84] [84] post
84
**** ****
[45,47] [47,45] post
45()(47)
**** ****
[37,47,28,3,26] [37,28,26,3,47] post
47(37)(3(28)(26))
**** ****
[84,2] [2,84] post
84()(2)
**** ****
[12] [12] post
12
**** ****
[21] [21] post
21
**** ****
[21] [21] post
21
**** ****
[71,70] [70,71] post
71()(70)
**** ****
[4,68,38,43] [68,4,43,38] post
38(4()(68))(43)
**** ****
[1,54,75,38,16] [1,75,16,38,54] post
54(1)(38(75)(16))
**** ****
[24,85,9,60] [24,85,60,9] post
9(85(24)())(60)
**** ****
[58] [58] post
58
**** ****
[58] [58] post
58
**** ****
[88,39,69,20] [88,20,69,39] post
39(88)(69()(20))
**** ****
[76] [76] post
76
**** ****
[23,28,90,96,42] [23,90,42,96,28] post
28(23)(96(90)(42))
**** ****
[6] [6] post
6
**** ****
[90,45,10,5,48,59] [90,10,45,48,59,5] post
5(45(90)(10))(59(48)())
**** ****
[13,31,14,46] [13,46,14,31] post
31(13)(14()(46))
**** ****
[77,60,70,78] [77,78,70,60] post
60(77)(70()(78))
**** ****
[86,57] [57,86] post
86()(57)
**** ****
[35,56,82,55] [35,82,55,56] post
56(35)(55(82)())
**** ****
[59,69,63,36] [59,63,36,69] post
69(59)(36(63)())
**** ****
[41,1] [1,41] post
41()(1)
**** ****
[16] [16] post
16
**** ****
[37] [37] post
37
**** ****
[22] [22] post
22
**** ****
[25] [25] post
25
**** ****
[49,51,32] [49,32,51] post
51(49)(32)
**** ****
[57] [57] post
57
**** ****
[39,41,9,61] [39,61,9,41] post
41(39)(9()(61))
**** ****
[78,81] [81,78] post
78()(81)
**** ****
[37] [37] post
37
**** ****
[95,48] [95,48] post
48(95)()
**** ****
[43,58] [58,43] post
43()(58)
**** ****
[85,16] [16,85] post
85()(16)
**** ****
[5] [5] post
5
**** ****
[59] [59] post
59
**** ****
[75,61,97,51] [75,97,51,61] post
61(75)(51(97)())
**** ****
[69] [69] post
69
**** ****
[12] [12] post
12
**** ****
[86,75,33] [86,33,75] post
75(86)(33)
**** ****
[53] [53] post
53
**** ****
[73,80,82,96] [80,73,96,82] post
82(73()(80))(96)
**** ****
[70] [70] post
70
**** ****
[33,67] [67,33] post
33()(67)
**** ****
[87] [87] post
87
**** ****
[12,96] [12,96] post
96(12)()
**** ****
[52] [52] post
52
**** ****
[98] [98] post
98
**** ****
[29,48] [29,48] post
48(29)()
**** ****
[80] [80] post
80
**** ****
[42,58,24,52] [42,58,52,24] post
24(58(42)())(52)
**** ****
[26,1] [26,1] post
1(26)()
**** ****
[93] [93] post
93
**** ****
[88,23,53,22,75] [88,53,75,22,23] post
23(88)(22(53)(75))
**** ****
[96] [96] post
96
**** ****
[80] [80] post
80
**** ****
[13] [13] post
13
**** ****
[56] [56] post
56
**** ****
[63,29,90,26,5] [63,29,5,26,90] post
90(29(63)())(26()(5))
**** ****
[22,75,25,40] [75,22,40,25] post
25(22()(75))(40)
**** ****
[74] [74] post
74
**** ****
[35,17,65,74,38] [35,17,38,74,65] post
65(17(35)())(74()(38))
**** ****
[86,43,66] [86,66,43] post
43(86)(66)
**** ****
[39,23,98] [39,98,23] post
23(39)(98)
**** ****
[56,54,16,94,50] [54,56,50,94,16] post
16(56()(54))(94()(50))
**** ****
[69] [69] post
69
**** ****
[35,55,32,48,75] [35,55,75,48,32] post
32(55(35)())(48()(75))
**** ****
[38] [38] post
38
**** ****
[52] [52] post
52
**** ****
[44] [44] post
44
**** ****
[69,88,70] [69,70,88] post
88(69)(70)
**** ****
[16] [16] post
16
**** ****
[14] [14] post
14
**** ****
[27,20,10] [27,10,20] post
20(27)(10)
**** ****
[4,73,17,70,11,66] [73,4,70,66,11,17] post
17(4()(73))(11(70)(66))
**** ****
[27] [27] post
27
**** ****
[36,62] [62,36] post
36()(62)
**** ****
[93,6,71,2] [93,71,2,6] post
6(93)(2(71)())
**** ****
[73,67,47,78,56,38] [67,73,78,38,56,47] post
47(73()(67))(56(78)(38))
**** ****
[91,79,69,47] [91,69,47,79] post
79(91)(47(69)())
**** ****
[22,72] [72,22] post
22()(72)
**** ****
[78,9] [9,78] post
78()(9)
**** ****
[92,95,19,23,91] [92,19,95,91,23] post
23(95(92)(19))(91)
**** ****
[62] [62] post
62
**** ****
[92,54,91,32,49,55] [92,91,54,55,49,32] post
32(54(92)(91))(49()(55))
**** ****
[46,24] [46,24] post
24(46)()
**** ****
[62] [62] post
62
**** ****
[30,24,98,96] [30,24,96,98] post
98(24(30)())(96)
**** ****
[26,33] [33,26] post
26()(33)
**** ****
[69,19] [69,19] post
19(69)()
**** ****
[17,85,93] [17,93,85] post
85(17)(93)
**** ****
[25] [25] post
25
**** ****
[1] [1] post
1
**** ****
[52,36,56,79] [52,36,79,56] post
56(36(52)())(79)
**** ****
[14,58] [14,58] post
58(14)()
**** ****
[1,86,92,97] [1,92,97,86] post
86(1)(97(92)())
**** ****
[40] [40] post
40
**** ****
[59,66,10,26] [66,59,26,10] post
10(59()(66))(26)
**** ****
[25] [25] post
25
**** ****
[91] [91] post
91
**** ****
[2,64,50,83,32,5] [64,2,83,5,32,50] post
50(2()(64))(32(83)(5))
**** ****
[47,72,34,60,57] [47,34,72,57,60] post
60(72(47)(34))(57)
**** ****
[90,29,43] [90,43,29] post
29(90)(43)
**** ****
[45,12] [45,12] post
12(45)()
**** ****
[35,29] [29,35] post
35()(29)
**** ****
[13,4,31] [13,31,4] post
4(13)(31)
**** ****
[52,14,86] [52,86,14] post
14(52)(86)
**** ****
[96] [96] post
96
**** ****
[43] [43] post
43
**** ****
[2,33,65,68,41,88] [2,65,33,88,41,68] post
68(33(2)(65))(41()(88))
**** ****
[20,5,4,63,19,68] [5,20,63,68,19,4] post
4(20()(5))(19(63)(68))
**** ****
[6,81,49,2] [6,81,2,49] post
49(81(6)())(2)
**** ****
[92,82] [82,92] post
92()(82)
**** ****
[12,55,57,29,40] [12,55,29,40,57] post
57(55(12)())(40(29)())
**** ****
[22,51] [22,51] post
51(22)()
**** ****
[29] [29] post
29
**** ****
[17,3] [17,3] post
3(17)()
**** ****
[57] [57] post
57
**** ****
[78,75,45,51,18] [78,75,51,18,45] post
45(75(78)())(18(51)())
**** ****
[55,62,84,44,24] [55,62,24,44,84] post
84(62(55)())(44()(24))
**** ****
[76] [76] post
76
**** ****
[94] [94] post
94
**** ****
[89,34] [89,34] post
34(89)()
**** ****
[26] [26] post
26
**** ****
[4] [4] post
4
**** ****
[70] [70] post
70
**** ****
[49,32] [32,49] post
49()(32)
**** ****
[78] [78] post
78
**** ****
[81,60,52,79] [60,81,79,52] post
52(81()(60))(79)
**** ****
[27,70] [70,27] post
27()(70)
**** ****
[50] [50] post
50
**** ****
[4,91] [4,91] post
91(4)()
**** ****
[93] [93] post
93
**** ****
[17,1] [17,1] post
1(17)()
**** ****
[96,33] [96,33] post
33(96)()
**** ****
[25] [25] post
25
**** ****
[52] [52] post
52
**** ****
[53,8,59,36,15,67] [53,59,8,67,15,36] post
36(8(53)(59))(15()(67))
**** ****
[17] [17] post
17
**** ****
[25] [25] post
25
**** ****
[19] [19] post
19
**** ****
[77,83,45,69] [83,77,69,45] post
45(77()(83))(69)
**** ****
[78] [78] post
78
**** ****
[59] [59] post
59
**** ****
[74,56] [74,56] post
56(74)()
**** ****
[58] [58] post
58
**** ****
[48,6,4,24,69,59,86] [48,4,6,69,86,59,24] post
24(6(48)(4))(59(69)(86))
**** ****
[70] [70] post
70
**** ****
[50] [50] post
50
**** ****
[14,2,85] [14,85,2] post
2(14)(85)
**** ****
[16,15,27,14] [15,16,14,27] post
27(16()(15))(14)
**** ****
[79] [79] post
79
**** ****
[38,27,25] [38,25,27] post
27(38)(25)
**** ****
[94,1] [94,1] post
1(94)()
**** ****
[33] [33] post
33
**** ****
[38,93,33] [38,33,93] post
93(38)(33)
**** ****
[97,81,20,73,86,62] [97,20,81,62,86,73] post
73(81(97)(20))(86()(62))
**** ****
[46] [46] post
46
**** ****
[73] [73] post
73
**** ****
[82] [82] post
82
**** ****
[34,96] [34,96] post
96(34)()
**** ****
[78,61,9,68] [78,9,68,61] post
61(78)(68(9)())
**** ****
[98,78] [98,78] post
78(98)()
**** ****
[69] [69] post
69
**** ****
[3,95] [3,95] post
95(3)()
**** ****
[84] [84] post
84
**** ****
[61,6] [6,61] post
61()(6)
**** ****
[94] [94] post
94
**** ****
[89] [89] post
89
**** ****
[28,54,9,41] [28,54,41,9] post
9(54(28)())(41)
**** ****
[19,44] [44,19] post
19()(44)
**** ****
[42,19,28] [42,28,19] post
19(42)(28)
**** ****
[12,88,32] [12,32,88] post
88(12)(32)
**** ****
[54] [54] post
54
**** ****
[23,44,45,22,33] [23,44,33,22,45] post
45(44(23)())(22()(33))
**** ****
[67,89,56,61,20] [67,89,20,61,56] post
56(89(67)())(61()(20))
**** ****
[84] [84] post
84
**** ****
[80] [80] post
80
**** ****
[37,47,46] [37,46,47] post
47(37)(46)
**** ****
[52,44,21,43,35] [52,44,35,43,21] post
21(44(52)())(43()(35))
**** ****
[41,79,81,68] [79,41,68,81] post
81(41()(79))(68)
**** ****
[81] [81] post
81
**** ****
[83] [83] post
83
**** ****
[52,20,30] [52,30,20] post
20(52)(30)
**** ****
[49,10,89,30,26,60] [49,89,10,60,26,30] post
30(10(49)(89))(26()(60))
**** ****
[60] [60] post
60
**** ****
[62,5,29,27,89,77] [62,29,5,77,89,27] post
27(5(62)(29))(89()(77))
**** ****
[3,76,40] [3,40,76] post
76(3)(40)
**** ****
[68] [68] post
68
**** ****
[55] [55] post
55
**** ****
[91,68] [68,91] post
91()(68)
**** ****
[28,90,27,26,2,56] [28,27,90,56,2,26] post
26(90(28)(27))(2()(56))
**** ****
[15,9] [9,15] post
15()(9)
**** ****
[65,81,61] [65,61,81] post
81(65)(61)
**** ****
[64,7,57,46,48] [64,7,46,48,57] post
57(7(64)())(48(46)())
**** ****
[4] [4] post
4
**** ****
[16,95] [95,16] post
16()(95)
**** ****
[5,75,12,95,46,38] [5,12,75,46,38,95] post
95(75(5)(12))(38(46)())
**** ****
[89] [89] post
89
**** ****
[56,38,90,32] [38,56,32,90] post
90(56()(38))(32)
**** ****
[91,85,3,76,23] [91,3,85,23,76] post
76(85(91)(3))(23)
**** ****
[9,85,23,45,27] [9,23,85,27,45] post
45(85(9)(23))(27)
**** ****
[85,58] [85,58] post
58(85)()
**** ****
[68,88] [88,68] post
68()(88)
**** ****
[40,24,44,4,70,41,72] [40,44,24,70,72,41,4] post
4(24(40)(44))(41(70)(72))
**** ****
[10,72,31] [10,31,72] post
72(10)(31)
**** ****
[94] [94] post
94
**** ****
[43] [43] post
43
**** ****
[39] [39] post
39
**** ****
[49,13,90,94] [49,13,94,90] post
90(13(49)())(94)
**** ****
[38,10] [38,10] post
10(38)()
**** ****
[24] [24] post
24
**** ****
[92,14,75] [92,75,14] post
14(92)(75)
**** ****
[49,54] [49,54] post
54(49)()
**** ****
[74] [74] post
74
**** ****
[42] [42] post
42
**** ****
[30] [30] post
30
**** ****
[17] [17] post
17
**** ****
[81,20,53] [81,53,20] post
20(81)(53)
**** ****
[13,57,58] [13,58,57] post
57(13)(58)
**** ****
[73] [73] post
73
**** ****
[90] [90] post
90
**** ****
[56] [56] post
56
**** ****
[21,52] [52,21] post
21()(52)
**** ****
[79] [79] post
79
**** ****
[9,79] [9,79] post
79(9)()
**** ****
[73,53,26,69] [73,69,26,53] post
53(73)(26()(69))
**** ****
[83] [83] post
83
**** ****
[62] [62] post
62
**** ****
[85,35] [85,35] post
35(85)()
**** ****
[81] [81] post
81
**** ****
[63,44,78] [63,78,44] post
44(63)(78)
**** ****
[23,87,18,8] [23,8,18,87] post
87(23)(18()(8))
**** ****
[8] [8] post
8
**** ****
[96,24] [96,24] post
24(96)()
**** ****
[34,74,21,67] [34,74,67,21] post
21(74(34)())(67)
**** ****
[60,66,45] [60,45,66] post
66(60)(45)
**** ****
[9,58,83,98,3] [9,58,98,3,83] post
83(58(9)())(3(98)())
**** ****
[56] [56] post
56
**** ****
[16] [16] post
16
**** ****
[88,10,15,76,95] [88,15,95,76,10] post
10(88)(76(15)(95))
**** ****
[25,24,77,7,88,30] [25,24,7,30,88,77] post
77(24(25)())(88(7)(30))
**** ****
[63,61,6,18] [63,6,18,61] post
61(63)(18(6)())
**** ****
[75] [75] post
75
**** ****
[85] [85] post
85
**** ****
[71,49,16,78,70] [49,71,78,70,16] post
16(71()(49))(70(78)())
**** ****
[73,4] [73,4] post
4(73)()
**** ****
[38,46] [38,46] post
46(38)()
**** ****
[87] [87] post
87
**** ****
[21,55,83,17,2] [55,21,17,2,83] post
83(21()(55))(2(17)())
**** ****
[25] [25] post
25
**** ****
[78,89,87,25,48] [89,78,48,25,87] post
87(78()(89))(25()(48))
**** ****
[87] [87] post
87
**** ****
[82,43,23,47,27] [43,82,27,47,23] post
23(82()(43))(47()(27))
**** ****
[32,36,85,19,5] [32,36,5,19,85] post
85(36(32)())(19()(5))
**** ****
[63] [63] post
63
**** ****
[41] [41] post
41
**** ****
[51] [51] post
51
**** ****
[95,74,88,43,87] [95,88,87,43,74] post
74(95)(43(88)(87))
**** ****
[32,97,31,91,71] [32,31,71,91,97] post
97(32)(91(31)(71))
**** ****
[18] [18] post
18
**** ****
[34] [34] post
34
**** ****
[26] [26] post
26
**** ****
[14,79,44,1,4,45] [14,44,79,4,45,1] post
1(79(14)(44))(45(4)())
**** ****
[63,75,7] [63,7,75] post
75(63)(7)
**** ****
[54] [54] post
54
**** ****
[88,45,14,8,27,11] [88,45,8,11,27,14] post
14(45(88)())(27(8)(11))
**** ****
[78] [78] post
78
**** ****
[94,81] [94,81] post
81(94)()
**** ****
[67,37,20,71] [67,20,71,37] post
37(67)(71(20)())
**** ****
[13,27,33,88,97] [27,13,97,88,33] post
33(13()(27))(88()(97))
**** ****
[17,62,79,8] [17,62,8,79] post
79(62(17)())(8)
**** ****
[57,24] [24,57] post
57()(24)
**** ****
[41] [41] post
41
**** ****
[16] [16] post
16
**** ****
[16] [16] post
16
**** ****
[19] [19] post
19
**** ****
[89,42] [42,89] post
89()(42)
**** ****
[81] [81] post
81
**** ****
[26,1,87,13,52] [26,87,1,52,13] post
13(1(26)(87))(52)
**** ****
[91,65,70] [91,70,65] post
65(91)(70)
**** ****
[9,85,75] [9,75,85] post
85(9)(75)
**** ****
[24,28,85,47,50] [24,85,28,50,47] post
47(28(24)(85))(50)
**** ****
[12,81,84,48,89] [12,84,81,89,48] post
48(81(12)(84))(89)
**** ****
[83,10,54,31,7,6] [83,10,31,6,7,54] post
54(10(83)())(7(31)(6))
**** ****
[75,84] [84,75] post
75()(84)
**** ****
[78,79,59,18,4] [79,78,18,4,59] post
59(78()(79))(4(18)())
**** ****
[62,24,21,29,12] [24,62,29,12,21] post
21(62()(24))(12(29)())
**** ****
[26,8,10,1,60] [8,26,1,60,10] post
10(26()(8))(60(1)())
**** ****
[80,74,62,44,23] [80,74,44,23,62] post
62(74(80)())(23(44)())
**** ****
[15] [15] post
15
**** ****
[65] [65] post
65
**** ****
[71] [71] post
71
**** ****
[41,22] [41,22] post
22(41)()
**** ****
[30,36,55] [30,55,36] post
36(30)(55)
**** ****
[79] [79] post
79
**** ****
[10,53,75,23,88,1,31,94,37,80,5,69,91,9,89,87,53,21,50,26,36,31,1,15] [10,23,75,53,1,94,31,80,37,88,69,9,91,53,87,89,50,36,26,15,1,31,21,5] post
error
**** ****
[70,40,26,13,8,23,42,58,2,8,86,40,55,23,39,79,52,90,44,81,95,53,35] [70,26,40,23,8,13,58,2,86,40,8,42,39,23,90,52,79,81,53,35,95,44,55] post
error
**** ****
[40,52,43,54,21,35,61,66,51,81,84,54] [40,43,52,21,54,61,66,81,54,84,51,35] post
error
**** ****
[58,52,82,61,52,56,50,11,95,24,48,59,54,42,58,13,28,48,94,47,84,41,35,4] [52,58,61,56,52,82,11,24,95,59,48,50,58,42,28,94,48,13,84,4,35,41,47,54] post
error
**** ****
[88,4,95,37,13,1,15,29,20,98,25,53,48,53,24,20,13,88,15,91] [4,88,37,1,13,95,29,98,20,15,53,53,48,13,20,91,15,88,24,25] post
error
**** ****
[21,34,88,12,34,39,38,49,98,29,56] [21,34,12,88,38,39,98,56,29,49,34] post
error
**** ****
[34,78,43,71,9,59,98,33,29,7,94,41,76,42,42,83,67,18,41,38,45,18,73,35,46,49] [34,78,71,59,9,43,29,33,94,76,41,7,98,42,67,83,41,38,18,18,35,49,46,73,45,42] post
error
**** ****
[70,32,70,86,5,8,7,31,66] [70,32,86,70,8,66,31,7,5] post
error
**** ****
[89,81,7,99,1,21,94,80,12,91,13,38] [89,7,81,1,94,21,99,12,91,38,13,80] post
80(99(81(89)(7))(21(1)(94)))(13(91(12)())(38))
**** ****
[59,5,27,56,8,65,73,76,76,4,79,45,67,62,76,61,97,34,94,37,62,54,79] [59,5,56,27,65,76,73,4,45,79,76,8,76,62,97,94,34,61,62,79,54,37,67] post
error
**** ****
[29,89,52,44,24,99,56,93,1,65] [29,44,52,89,56,99,65,1,93,24] post
24(89(29)(52()(44)))(93(99()(56))(1()(65)))
**** ****
[10,97,39,91,53,13,46,81,37,48,38,57,93,52,71,68,30,88,22,30,18,1,94,41] [10,97,53,91,39,46,37,48,81,13,57,52,93,68,88,30,71,18,30,94,41,1,22,38] post
error
**** ****
[76,56,52,42,91,56,22,40,45,4,19] [56,76,91,42,52,22,45,19,4,40,56] post
error
**** ****
[53,59,48,50,69,56,62,50,89,25,2] [53,59,50,69,48,62,50,25,2,89,56] post
error
**** ****
[90,65,91,14,66,58,53,87,35,23,96] [90,65,14,58,66,91,87,23,96,35,53] post
53(91(65(90)())(66(14)(58)))(35(87)(96(23)()))
**** ****
[21,52,69,71,37,62,7,79,23,76] [21,52,71,37,69,7,23,76,79,62] post
62(69(52(21)())(37(71)()))(79(7)(76(23)()))
**** ****
[42,63,6,87,97,16,62,85,52,10,39,90,5,60,80,75,59,49,14,10,66,28,82,37] [42,6,63,97,62,16,87,52,39,10,5,60,90,85,75,49,14,59,66,37,82,28,10,80] post
error
**** ****
[63,41,79,58,83,30,70,41,17,45] [63,79,83,58,41,70,41,45,17,30] post
error
**** ****
[52,4,68,58,21,98,27,66,17,52,99,41,66,40,42,29,31,97,1,41,78,58] [52,4,21,58,68,27,17,66,99,52,98,40,66,29,31,42,1,78,58,41,97,41] post
error
**** ****
[75,80,12,51,21,33,8,76,62,87,11,61,53,77,93,8,50,96,2,74,68,8,16] [80,75,51,33,21,12,62,76,11,87,8,53,93,8,77,2,96,68,16,8,74,50,61] post
error
**** ****
[84,84,57,50,90,40,65,43,18,25,3,72,68,82,7,82,43,92,55,48,71,34,78,2,52,52] [84,57,84,90,40,50,43,25,18,68,72,3,65,7,43,82,48,55,92,34,78,52,52,2,71,82] post
error
**** ****
[94,2,6,81,89,70,62,77,90,36,14,10,69,33,81,67,76,94,90,50,43,28,36,25,24,59] [94,6,2,89,62,70,81,90,36,69,10,14,77,67,81,94,76,50,28,43,25,59,24,36,90,33] post
error
**** ****
[21,35,41,28,82,46,94,75,3,84,10,29,77,4] [21,41,35,82,94,46,28,3,10,84,4,77,29,75] post
75(28(35(21)(41))(46(82)(94)))(29(84(3)(10))(77()(4)))
**** ****
[69,32,52,3,6,93,19,28,68,82,86,3,74,31,1,51,86,30,72,39] [69,3,52,32,19,93,68,28,6,3,86,31,74,51,30,86,39,72,1,82] post
error
**** ****
[34,45,77,8,49,83,11,15,39,36,60,12,94,32,52,20,69,73,75,38,67,22,37,6,65,32,87] [34,77,45,83,49,8,15,36,39,12,32,94,60,11,20,69,38,75,73,22,6,37,32,87,65,67,52] post
error
**** ****
[91,7,96,42,66,64,19,4,19,54,54] [7,91,42,66,96,4,19,54,54,19,64] post
error
**** ****
[67,74,9,3,9,25,60,12,41,96,92,46,48,51,76,48,70,12,70,58,28,47,76,25] [74,67,3,9,9,60,41,12,46,92,96,25,51,48,12,70,76,58,47,25,76,28,70,48] post
error
**** ****
[32,34,15,9,70,64,7,27,66,23,91,84,57,65,8,5,93,87,28,53,84,7,33] [32,15,34,70,9,7,66,27,64,84,91,8,65,57,93,28,87,84,33,7,53,5,23] post
error
**** ****
[42,90,83,20,7,13,47,70,42,93,5,42] [42,90,20,13,7,83,70,93,42,5,42,47] post
error
**** ****
[87,59,86,95,81,38,16,50,74,59,6,32,26,69,78,52,74,67,91,50,8] [59,87,95,86,16,38,74,50,81,6,26,78,69,32,74,67,8,50,91,52,59] post
error
**** ****
[17,63,47,3,86,12,34,73,17,28,62,34,71,29,12,29,5,68] [17,63,3,47,12,73,17,34,86,62,71,34,12,29,68,5,29,28] post
error
**** ****
[99,87,77,93,39,7,61,31,23,92,65,48,42,4,95,90,25,66,2,84,84,5,75,99,3,53,78] [99,77,87,7,39,93,31,92,23,48,65,61,4,90,95,66,84,2,25,5,99,75,78,53,3,84,42] post
error
**** ****
[25,78,7,73,73,24,53,16,8] [78,25,73,7,53,24,8,16,73] post
error
**** ****
[62,66,89,25,88,56,87,93,44,90,51] [62,66,25,56,88,89,93,90,51,44,87] post
87(89(66(62)())(88(25)(56)))(44(93)(51(90)()))
**** ****
[1,84,24,1,82,75,74,40,39,26,36,34,40,26,64,33,44,3,65,42,94,98,42,29,43] [1,24,84,82,75,1,40,39,34,36,26,74,26,44,33,64,65,94,42,42,43,29,98,3,40] post
error
**** ****
[38,86,73,9,45,46,58,26,24,59,90] [38,86,9,46,45,73,26,90,59,24,58] post
58(73(86(38)())(45(9)(46)))(24(26)(59()(90)))
**** ****
[13,57,89,41,32,65,29,65,47,81,81,3,76,43,23,24,54,37,20,60,68,99,93,15,29] [13,89,57,32,29,65,41,47,81,81,76,43,3,65,24,37,54,60,20,99,93,29,15,68,23] post
error
**** ****
[40,93,48,64,40,34,99,82,72,86,55,86,94,69,68,67,69,70,1,5,14,72,46] [93,40,64,40,48,82,99,86,55,72,34,94,68,69,69,67,5,1,72,46,14,70,86] post
error
**** ****
[32,22,90,97,66,21,28,85,17,66,22,29,48,48,20,22,34,32,71,92,72] [32,22,97,90,21,85,28,66,17,66,29,48,20,48,32,34,72,92,71,22,22] post
error
**** ****
[19,16,81,89,60,45,86,87,45,6,40,2,12] [19,81,16,60,86,45,89,45,6,12,2,40,87] post
error
**** ****
[68,8,10,56,97,47,11,25,79,24,49,27,84,90,6,73,51,25,77,41,78,8,92,61] [8,68,56,47,97,10,25,24,49,79,11,90,84,73,25,51,6,78,41,92,61,8,77,27] post
error
**** ****
[69,60,69,58,42,73,15,18,37,42,88,26] [69,60,58,73,42,69,18,42,37,26,88,15] post
error
**** ****
[55,45,79,80,66,90,9,70,38,30,30,65,38,11,3,67,12,1,64,61,50,50,12,15,69,19] [45,55,80,90,66,79,38,70,30,38,65,30,9,67,3,1,61,64,12,12,50,19,69,15,50,11] post
error
**** ****
[21,12,53,96,94,8,19,83,26,96,45,16,19,4,59,81,35,61,35,24,8,6] [21,96,53,12,8,83,19,96,45,26,94,19,59,4,61,35,24,6,8,35,81,16] post
error
**** ****
[92,25,7,74,38,56,84,61,25,22,6] [92,25,38,74,7,61,84,6,22,25,56] post
error
**** ****
[89,32,99,34,22,44,65,91,36,9,41,71,89] [89,99,32,22,44,34,36,91,41,89,71,9,65] post
error
**** ****
[33,83,87,68,95,3,53,35,89,9,27,99] [83,33,68,3,95,87,35,9,99,27,89,53] post
53(87(33()(83))(95(68)(3)))(89(35)(27(9)(99)))
**** ****
[92,3,27,63,39,88,67,21,62,85] [92,27,3,39,63,67,85,62,21,88] post
88(63(3(92)(27))(39))(21(67)(62()(85)))
**** ****
[53,10,42,28,46,22,65,69,81,85,3,33,62,23,68,85,90,68,13,3,98,86,89] [53,10,28,46,42,65,69,85,81,22,33,23,62,90,85,68,3,13,89,86,98,68,3] post
error
**** ****
[76,47,39,97,26,73,62,19,99,98,13,8,60,42] [76,39,47,26,62,73,97,99,13,98,60,42,8,19] post
19(97(47(76)(39))(73(26)(62)))(8(98(99)(13))(42(60)()))
**** ****
[89,9,50,21,65,39,96,29,9,53] [9,89,21,65,50,96,29,53,9,39] post
error
**** ****
[42,10,51,27,11,18,33,60,97,75,83,23] [42,51,10,11,18,27,97,60,83,23,75,33] post
33(27(10(42)(51))(18(11)()))(75(60()(97))(23(83)()))
**** ****
[76,99,6,37,24,22,11,98,19,39,5] [76,6,99,24,37,11,19,5,39,98,22] post
22(37(99(76)(6))(24))(98(11)(39(19)(5)))
**** ****
[95,16,87,64,49,73,59,36,67,2,40,98,89,61,6,25,37,21,23,25,24,58,74,69] [95,87,64,16,73,59,2,67,36,49,98,61,89,25,37,6,23,25,58,69,74,24,21,40] post
error
**** ****
[37,51,44,39,75,53,12,77,8] [51,37,39,44,12,53,8,77,75] post
75(44(37()(51))(39))(77(53()(12))(8))
**** ****
[91,32,29,43,43,85,5,18,97,76,44] [91,32,43,85,43,29,18,97,44,76,5] post
error
**** ****
[15,50,3,12,75,49,93,32,30,18,82] [50,15,12,75,3,32,93,18,82,30,49] post
49(3(15()(50))(75(12)()))(30(93()(32))(82(18)()))
**** ****
[62,92,83,48,8,55,87,63,84,37,83,69,97,79,92,88,18,34,12,78,73,56] [62,83,92,8,48,63,87,37,83,84,55,97,92,18,88,79,12,73,56,78,34,69] post
error
**** ****
[76,11,41,47,99,57,85,29,39,27,79,43,1,32,10,54,56,46,79,93,84,79,25,82,57,47] [11,76,47,57,99,41,29,27,39,1,43,79,85,10,54,46,93,79,56,25,79,47,57,82,84,32] post
error
**** ****
[9,77,57,75,51,59,55,7,22,37,46,97,87,66,76,96,54,98,92,80,27,1,46,38,36] [77,9,75,51,57,55,22,7,46,97,37,59,76,66,54,92,98,96,27,1,36,38,46,80,87] post
error
**** ****
[29,86,91,86,62,3,80,53] [86,29,86,91,3,53,80,62] post
error
**** ****
[70,85,15,94,80,76,46,72,8,75,70,44,40,27,23,28,31,8,26,25,11,67,41,28,52,93] [70,15,85,80,46,76,94,8,75,40,44,70,72,23,31,26,8,28,11,41,67,52,93,28,25,27] post
error
**** ****
[40,95,17,52,90,16,53,48,28,35,1] [40,17,95,90,16,52,48,28,1,35,53] post
53(52(95(40)(17))(16(90)()))(35(28(48)())(1))
**** ****
[84,95,3,20,82,19,3,89,55,69,46,78,34,49,38,91,69,54,66,52,30,46,61,22] [95,84,20,19,82,3,89,69,78,46,55,3,49,38,69,91,66,30,52,61,22,46,54,34] post
error
**** ****
[70,32,78,91,9,38,67,6,51,55,56,99,76,38,42,43,82,27,14,27,48,17,89,80,14,77] [70,78,32,9,67,38,91,51,56,55,38,76,99,6,43,27,82,27,48,14,89,77,14,80,17,42] post
error
**** ****
[19,60,25,85,4,66,59,90,89,26,70,55,9,67,28,96,55,58,42,16,24] [19,25,60,4,59,66,26,89,90,85,55,67,9,96,55,28,42,24,16,58,70] post
error
**** ****
[17,47,7,11,5,14,30,1,38,77,2,22,89,5,7,24,53,83,22,3,26,17,70,17,12] [47,17,11,5,7,1,30,77,22,2,38,14,5,24,7,83,3,22,53,17,70,12,17,26,89] post
error
**** ****
[16,74,90,63,80,38,62,5,8,10] [16,90,63,74,38,5,10,8,62,80] post
80(74(16)(63(90)()))(62(38)(8(5)(10)))
**** ****
[7,27,28,32,96,52,79,62,62,76] [7,27,96,32,28,79,76,62,62,52] post
error
**** ****
[45,60,3,5,12,88,57,90,25,18] [45,60,5,12,3,57,90,18,25,88] post
88(3(60(45)())(12(5)()))(25(90(57)())(18))
**** ****
[76,35,99,6,12,75,77,13,26,32,77,31,8,86,50,99,19,99,1,33,6,56,26,99,75,68] [76,99,35,12,77,75,6,26,77,32,8,50,86,31,13,19,99,33,6,1,26,99,68,75,56,99] post
error
**** ****
[32,53,48,89,71,14,34,90,29,64,70,63,36,65,68,17,33,48,85,71,88,98,8] [32,53,71,89,48,34,29,90,70,63,64,14,65,68,33,17,85,88,8,98,71,48,36] post
error
**** ****
[38,72,9,98,59,15,58,22,16,80,70,72,50,83,73,88,95,90,5,2,34,80] [38,72,98,9,58,15,16,80,22,59,50,72,73,88,83,90,2,80,34,5,95,70] post
error
**** ****
[3,79,2,59,83,75,1,44,55,27,64,98,83,62,84,92,75,59,1,1,16,78,92,69,93] [3,2,83,59,79,44,1,27,64,55,75,83,84,62,59,75,92,1,78,16,93,69,92,1,98] post
error
**** ****
[40,84,51,78,34,60,11,8,55,66,93,84,76,31,45,60,64,66,6,86,53,34,78,94,83] [40,51,84,34,11,60,78,66,55,84,31,76,93,8,64,60,86,6,66,78,34,83,94,53,45] post
error
**** ****
[5,64,89,88,36,64,9,55,26,14,87,95,69,65,51,26,7,9,10,81] [5,64,88,36,89,9,55,14,26,64,95,69,51,65,7,9,81,10,26,87] post
error
**** ****
[50,47,9,66,42,95,26,24,40,34,56,70,28,7,43,89,93,47,32,15,44,15,5,36,69,86] [50,9,47,42,95,66,24,34,40,70,28,56,26,43,93,89,32,15,47,15,36,86,69,5,44,7] post
error
**** ****
[58,46,78,46,79,31,69,77,26,40,54,45,78,68,20,81,60,5,64,38,75,65,80,95] [58,46,79,46,78,77,69,40,45,54,26,31,20,68,60,64,5,81,75,95,80,65,38,78] post
error
**** ****
[74,19,25,96,2,57,1,21,20,57,19,85,61,88,92,31,39,10,59,69,57,98] [19,74,96,2,25,1,57,20,21,57,85,88,61,31,39,92,59,69,98,57,10,19] post
error
**** ****
[41,19,21,36,91,87,23,15,88,9,27,32,60,56,63,26,86,57,7,30,27,21,49] [41,21,91,36,19,23,88,15,27,60,32,9,87,26,63,57,86,30,49,21,27,7,56] post
error
**** ****
[28,67,47,8,74,43,3,36,73,27,42,82,48,49,87,96,54,71,18,38,92,83,44,37,76] [28,47,67,74,43,8,36,42,27,73,3,48,87,49,71,54,96,92,38,44,76,37,83,18,82] post
82(3(8(67(28)(47))(43(74)()))(73(36)(27()(42))))(18(96(49(48)(87))(54()(71)))(83(38()(92))(37(44)(76))))
**** ****
[8,49,25,70,60,6,67,33,31,54,51,48,12] [8,25,49,60,67,6,70,31,51,54,12,48,33] post
33(70(49(8)(25))(6(60)(67)))(48(54(31)(51))(12))
**** ****
[22,42,25,29,74,90,69,2,80,71,77,13,82,55,36,34,65,28,88,35,31,67,26] [22,25,42,90,74,29,80,2,13,77,71,69,36,55,65,28,34,35,67,26,31,88,82] post
82(69(29(42(22)(25))(74()(90)))(71(2()(80))(77()(13))))(88(34(55()(36))(28(65)()))(31(35)(26(67)())))
**** ****
[88,70,51,59,98,27,20,6,65,13,90,81,79,73] [88,51,70,98,20,27,59,13,65,81,73,79,90,6] post
6(59(70(88)(51))(27(98)(20)))(90(65()(13))(79(81)(73)))
**** ****
[47,13,24,37,48,91,16,20,8,26,38,12,94,39,77,43,4,66,49,25,79,41,84,2,9,44,58] [47,24,13,48,91,37,20,26,12,38,8,16,39,43,77,66,25,49,4,84,41,9,58,44,2,79,94] post
94(16(37(13(47)(24))(91(48)()))(8(20)(38(26)(12))))(79(4(77(39)(43))(49(66)(25)))(2(41()(84))(44(9)(58))))
**** ****
[57,46,81,7,37,17,65,12,29,58,45,27,26,87,63,51,86,38,71,49,68,61,22,14,59,54,55] [57,81,46,37,65,17,7,58,29,27,87,26,45,12,86,51,49,71,38,61,14,22,54,55,59,68,63] post
63(12(7(46(57)(81))(17(37)(65)))(45(29()(58))(26(27)(87))))(68(38(51()(86))(71()(49)))(59(22(61)(14))(55(54)())))
**** ****
[92,9,87,28,70,8,75,29,13,25,96,54,22,16,79,7,60,33,86,62,56,81,14,73,30] [92,9,28,8,70,87,29,13,96,54,25,75,16,7,79,86,33,60,81,56,30,73,14,62,22] post
22(75(87(9(92)())(70(28)(8)))(25(13(29)())(54(96)())))(62(60(79(16)(7))(33()(86)))(14(56()(81))(73()(30))))
**** ****
[28,35,70,34,12,86,1,40,49,11,77,42,50] [28,70,35,12,1,86,34,11,49,42,50,77,40] post
40(34(35(28)(70))(86(12)(1)))(77(49()(11))(50(42)()))
**** ****
[85,81,21,89,45,93,38,69,77,23,79,87,70,2,74,36,37,39,91,63,29,48,44,40,62] [85,81,89,93,45,21,69,23,77,70,87,79,38,36,74,39,91,37,29,48,40,62,44,63,2] post
2(38(21(81(85)())(45(89)(93)))(79(77(69)(23))(87()(70))))(63(37(74()(36))(91(39)()))(44(48(29)())(62(40)())))
**** ****
[3,92,55,19,69,6,44,20,62,24,14,87] [3,55,92,69,19,44,62,20,14,87,24,6] post
6(19(92(3)(55))(69))(24(20(44)(62))(87(14)()))
**** ****
[30,65,19,68,22,93,32,34,39,41,16,63,58] [65,30,22,68,19,32,39,34,16,58,63,41,93] post
93(19(30()(65))(68()(22)))(41(34(32)(39))(63(16)(58)))
**** ****
[28,4,83,79,32,17,44,92,21,27,61,7,60,12,3,95,47,74,6,98,30,94,41,73,65,53,97] [28,83,4,32,17,79,21,92,61,60,7,27,44,3,47,95,6,98,74,94,41,65,97,53,73,30,12] post
12(44(79(4(28)(83))(17(32)()))(27(92()(21))(7(61)(60))))(30(74(95(3)(47))(98(6)()))(73(41(94)())(53(65)(97))))
**** ****
[46,96,23,40,42,43,75,32,45,64,4,87] [46,23,96,43,42,40,45,32,4,87,64,75] post
75(40(96(46)(23))(42()(43)))(64(32()(45))(87(4)()))
**** ****
[50,33,23,11,98,75,34,24,31,79,62,46,93,65,67,52,71,87,35,59,48,12,4,14,86] [50,23,33,98,34,75,11,31,79,93,46,62,24,67,52,87,71,59,12,48,14,86,4,35,65] post
65(24(11(33(50)(23))(75(98)(34)))(62(79(31)())(46()(93))))(35(71(52(67)())(87))(4(48(59)(12))(86(14)())))
**** ****
[9,24,72,3,46,41,54,69,71,59,63,75,2,42,66,85,48,19,30,52,82,40,14,57,88,4,58,25,91,92] [9,72,24,46,54,41,3,71,63,59,2,66,42,75,69,48,30,19,82,14,40,52,4,88,25,92,91,58,57,85] post
85(69(3(24(9)(72))(41(46)(54)))(75(59(71)(63))(42(2)(66))))(57(52(19(48)(30))(40(82)(14)))(58(88()(4))(91(25)(92))))
**** ****
[69,39,33,77,90,68,23,83,32,34,8,84,49] [39,69,90,77,33,23,32,83,8,49,84,34,68] post
68(33(69()(39))(77()(90)))(34(83(23)(32))(84(8)(49)))
**** ****
[46,61,63,38,6,25,92,59,55,65,34,54,17] [46,61,38,25,6,63,59,55,34,17,54,65,92] post
92(63(61(46)())(6(38)(25)))(65(55(59)())(54(34)(17)))
**** ****
[33,14,58,71,92,66,23,73,6,80,52,47,2,70,5,36,85,50,74,53,30,9,45,78] [33,58,92,71,14,23,6,73,47,52,80,66,70,5,85,74,50,36,9,30,78,45,53,2] post
2(66(14(33)(71(58)(92)))(80(73(23)(6))(52()(47))))(53(36(5(70)())(50(85)(74)))(45(30()(9))(78)))
**** ****
[81,3,73,23,92,77,31,96,63,83,20,16,98] [3,81,92,23,73,31,63,96,20,98,16,83,77] post
77(73(81()(3))(23()(92)))(83(96(31)(63))(16(20)(98)))
**** ****
[91,56,69,72,35,26,37,64,10,86,25,9,11] [91,69,56,26,35,72,64,86,10,11,9,25,37] post
37(72(56(91)(69))(35()(26)))(25(10(64)(86))(9()(11)))
**** ****
[29,32,39,17,60,16,34,42,63,97,76,78,44,80] [29,32,17,16,60,39,42,97,63,78,80,44,76,34] post
34(39(32(29)())(60(17)(16)))(76(63(42)(97))(44(78)(80)))
**** ****
[52,22,17,54,91,30,44,37,6,60,98,57,23,4,1,45,96,36,83,84,12,2,33,15,18,8,73,3] [52,17,22,91,44,30,54,6,98,60,23,1,4,57,37,96,36,84,2,12,83,18,15,3,73,8,33,45] post
45(37(54(22(52)(17))(30(91)(44)))(57(60(6)(98))(4(23)(1))))(33(83(36(96)())(12(84)(2)))(8(15()(18))(73()(3))))
**** ****
[47,40,64,13,88,56,72,52,85,37,25,87,83,90,42,96,62,31,67,28,32,89,9,93,49,27,26,5] [40,47,13,56,88,64,52,37,85,87,90,83,25,72,96,31,62,28,32,67,9,49,93,26,5,27,89,42] post
42(72(64(47()(40))(88(13)(56)))(25(85(52)(37))(83(87)(90))))(89(67(62(96)(31))(32(28)()))(27(93(9)(49))(5(26)())))
**** ****
[74,33,73,98,31,4,81,83,47,56,30,2] [74,73,33,31,4,98,83,56,2,30,47,81] post
81(98(33(74)(73))(4(31)()))(47(83)(30(56)(2)))
**** ****
[71,72,3,89,10,39,80,94,34,75,15,45,5] [71,3,72,10,39,89,94,75,34,45,5,15,80] post
80(89(72(71)(3))(39(10)()))(15(34(94)(75))(5(45)()))
**** ****
[30,91,6,41,69,23,86,71,21,60,72,42,66,49,19,28,50,27,80,70,25,57,9,84,75,77,98,85,24,17] [30,6,91,69,86,23,41,21,72,60,66,19,49,42,71,50,80,27,57,25,70,84,77,75,85,17,24,98,9,28] post
28(71(41(91(30)(6))(23(69)(86)))(42(60(21)(72))(49(66)(19))))(9(70(27(50)(80))(25()(57)))(98(75(84)(77))(24(85)(17))))
**** ****
[37,20,85,86,81,92,76,78,22,33,21,44,32,1,61,27,34,11,90,64,57,48,67,42,60,14,5] [37,85,20,81,76,92,86,22,33,44,1,32,21,78,34,27,64,90,11,67,48,60,5,14,42,57,61] post
61(78(86(20(37)(85))(92(81)(76)))(21(33(22)())(32(44)(1))))(57(11(27()(34))(90()(64)))(42(48()(67))(14(60)(5))))
**** ****
[15,5,19,27,72,20,36,42,29,84,57,94,50,71,2,39,90,76,3,12,10,74,23,65,52,8] [5,15,27,20,72,19,42,84,29,94,50,57,36,2,90,76,39,12,74,10,65,8,52,23,3,71] post
71(36(19(15()(5))(72(27)(20)))(57(29(42)(84))(50(94)())))(3(39(2)(76(90)()))(23(10(12)(74))(52(65)(8))))
**** ****
[89,50,42,27,56,88,90,45,44,86,25,7,96,79,72,20,18,58,16,17,1,84,6,87,62,82,53,52] [89,42,50,56,90,88,27,44,86,7,79,96,25,45,20,18,16,17,58,84,87,6,82,52,53,62,1,72] post
72(45(27(50(89)(42))(88(56)(90)))(25(86(44)())(96(7)(79))))(1(58(18(20)())(17(16)()))(62(6(84)(87))(53(82)(52))))
**** ****
[50,28,52,82,44,7,58,93,64,14,40,53,68,10,61,70,43,74,39,46,33,6,94,66,67,86,4,11] [50,52,28,44,58,7,82,64,14,53,10,68,40,93,70,74,43,46,33,39,94,66,86,11,4,67,6,61] post
61(93(82(28(50)(52))(7(44)(58)))(40(14(64)())(68(53)(10))))(6(39(43(70)(74))(33(46)()))(67(66(94)())(4(86)(11))))
**** ****
[58,35,71,74,17,33,11,44,16,82,12] [58,35,17,74,71,11,16,12,82,44,33] post
33(71(35(58)())(74()(17)))(44(11)(82(16)(12)))
**** ****
[71,20,62,27,12,94,86,45,91,88,70,73,75,9,39,60,95,92,69,10,90,66,38,19,13] [71,20,27,94,12,62,45,88,91,73,9,75,70,86,60,92,10,69,95,66,38,13,19,90,39] post
39(86(62(20(71)())(12(27)(94)))(70(91(45)(88))(75(73)(9))))(90(95(60)(69(92)(10)))(19(38(66)())(13)))
**** ****
[58,48,71,87,70,6,13,86,74,72,96,52,45,3] [58,71,48,70,13,6,87,74,96,72,45,3,52,86] post
86(87(48(58)(71))(6(70)(13)))(52(72(74)(96))(3(45)()))
**** ****
[20,40,61,21,86,22,58,85,18,87,36,6,38,69,92,10,95,91,37,90,39,98,71,66,12,72,43,57,59,78] [20,61,40,86,58,22,21,18,36,87,38,92,69,6,85,95,37,91,39,71,98,90,72,12,57,78,59,43,66,10] post
10(85(21(40(20)(61))(22(86)(58)))(6(87(18)(36))(69(38)(92))))(66(90(91(95)(37))(98(39)(71)))(43(12()(72))(59(57)(78))))
**** ****
[46,76,57,5,64,68,91,51,42,62,18,47,93] [46,57,76,68,64,5,51,62,42,47,93,18,91] post
91(5(76(46)(57))(64()(68)))(18(42(51)(62))(93(47)()))
**** ****
[49,56,10,39,75,96,70,73,95,57,43,3,58,94,67,90,41,63,17,68,76,61,20,5,62] [49,10,56,75,96,39,73,95,3,43,57,70,94,90,67,63,17,41,76,20,61,62,5,68,58] post
58(70(39(56(49)(10))(96(75)()))(57(95(73)())(43()(3))))(68(41(67(94)(90))(17(63)()))(5(61(76)(20))(62)))
**** ****
[88,64,62,53,21,68,60,47,56,84,31,78] [88,64,53,68,21,62,56,47,78,31,84,60] post
60(62(64(88)())(21(53)(68)))(84(47()(56))(31()(78)))
**** ****
[21,28,76,54,41,61,56,74,80,36,51,59,23,32,49,18,16,65,38,29,77,96,83,45,13,34,58] [21,76,28,41,56,61,54,36,80,59,51,74,32,18,49,65,38,16,77,83,96,13,58,34,45,29,23] post
23(74(54(28(21)(76))(61(41)(56)))(51(80()(36))(59)))(29(16(49(32)(18))(38(65)()))(45(96(77)(83))(34(13)(58))))
**** ****
[85,80,37,77,24,64,56,95,68] [80,85,77,37,64,56,68,95,24] post
24(37(85()(80))(77))(95(56(64)())(68))
**** ****
[14,34,77,52,85,23,26,66,88,54,7,47,2,8,98,43,86,89,95,64,87,92,20,16,79] [14,34,52,85,77,26,66,54,47,7,88,23,8,43,98,89,86,64,92,87,16,79,20,95,2] post
2(23(77(34(14)())(85(52)()))(88(66(26)())(7(54)(47))))(95(86(98(8)(43))(89))(20(87(64)(92))(79(16)())))
**** ****
[83,97,82,17,96,22,38,59,31,48,92,73] [83,97,17,96,82,38,31,59,92,73,48,22] post
22(82(97(83)())(96(17)()))(48(59(38)(31))(73(92)()))
**** ****
[70,16,31,6,36,40,97,67,76,42,92,4,43,62,56,78,23,3,37,85,53,38,41,1,89,50,88] [70,16,6,36,31,97,76,67,4,92,42,40,56,62,23,37,3,78,53,41,38,89,88,50,1,85,43] post
43(40(31(16(70)())(36(6)()))(42(67(97)(76))(92()(4))))(85(78(62()(56))(3(23)(37)))(1(38(53)(41))(50(89)(88))))
**** ****
[54,41,35,17,92,85,70,3,14,1,88,64] [54,35,41,85,92,17,14,3,64,88,1,70] post
70(17(41(54)(35))(92()(85)))(1(3()(14))(88()(64)))
**** ****
[61,64,94,92,70,41,16,6,11,37,79,47] [64,61,70,92,94,16,11,6,47,79,37,41] post
41(94(61()(64))(92()(70)))(37(6(16)(11))(79()(47)))
**** ****
[87,98,7,39,64,25,51,97,23,42,63,53,70,84] [87,7,98,64,25,39,97,42,23,53,84,70,63,51] post
51(39(98(87)(7))(25(64)()))(63(23(97)(42))(70(53)(84)))
**** ****
[64,39,30,51,25,70,23,16,74,12,89,92,1] [64,30,39,70,25,51,16,12,74,1,92,89,23] post
23(51(39(64)(30))(25()(70)))(89(74(16)(12))(92()(1)))
**** ****
[42,3,57,34,37,71,14,68,19,93] [3,42,34,57,14,71,93,19,68,37] post
37(57(42()(3))(34))(68(71()(14))(19()(93)))
**** ****
[75,83,91,48,42,94,74,8,44,24,79,33,68,19,95,76,37,59,49,70,2,50,15,3,23,77] [75,91,83,94,42,48,44,8,33,79,24,74,19,95,37,49,59,76,2,50,3,77,23,15,70,68] post
68(74(48(83(75)(91))(42()(94)))(24(8()(44))(79()(33))))(70(76(95(19)())(59(37)(49)))(15(50(2)())(23(3)(77))))
**** ****
[13,27,3,52,87,21,37,83,20,48,35,41] [13,27,87,52,3,37,83,48,41,35,20,21] post
21(3(27(13)())(52()(87)))(20(83(37)())(35(48)(41)))
**** ****
[54,4,71,76,15,82,7,52,9,26,85,2,79,24,66,81,8,20,72,47,95,97,1,61,68,32,84] [54,4,76,82,15,71,52,26,9,2,85,7,24,66,8,72,20,81,95,1,97,68,84,32,61,47,79] post
79(7(71(4(54)())(15(76)(82)))(85(9(52)(26))(2)))(47(81(66(24)())(20(8)(72)))(61(97(95)(1))(32(68)(84))))
**** ****
[72,75,98,83,93,43,2,50,16,81,32,56,19,96,23,69,12,4,70,58,30,95,82,15,89,9] [75,72,83,43,93,98,16,50,56,32,81,2,96,69,23,70,4,12,30,82,95,9,89,15,58,19] post
19(2(98(72()(75))(93(83)(43)))(81(50()(16))(32()(56))))(58(12(23(96)(69))(4()(70)))(15(95(30)(82))(89()(9))))
**** ****
[29,6,68,88,21,22,63,69,46,87,89,14,58,4,13,47,51,34,56,15,32,65,2,26,70,48,9] [29,6,88,22,21,68,46,69,14,89,87,63,4,47,13,56,34,51,32,2,65,70,9,48,26,15,58] post
58(63(68(6(29)())(21(88)(22)))(87(69()(46))(89()(14))))(15(51(13(4)(47))(34()(56)))(26(65(32)(2))(48(70)(9))))
**** ****
[49,58,37,69,63,15,48,90,36,65,67,93,89,86,94,35,22,61,27,83,7,13,91,8,72,20,75] [49,37,58,63,48,15,69,65,36,93,67,90,86,35,94,61,83,27,22,13,8,91,75,20,72,7,89] post
89(90(69(58(49)(37))(15(63)(48)))(67(36()(65))(93)))(7(22(94(86)(35))(27(61)(83)))(72(91(13)(8))(20()(75))))
**** ****
[57,9,95,31,49,28,61,29,86,94,59,26,51,8] [57,95,9,49,28,31,29,94,86,26,8,51,59,61] post
61(31(9(57)(95))(28(49)()))(59(86(29)(94))(51(26)(8)))
**** ****
[52,95,22,33,15,88,49,94,86,14,39,48,17,79,38,63,75,20,4,83,51,21,46,98,93,36] [52,33,22,95,88,49,86,39,14,94,15,17,79,63,20,75,38,83,21,51,98,36,93,46,4,48] post
48(15(95(52)(22()(33)))(94(49(88)())(14(86)(39))))(4(38(79(17)())(75(63)(20)))(46(51(83)(21))(93(98)(36))))
**** ****
[36,43,13,31,15,97,85,55,64,68,20,54,73,45,84,50,58,26,23,57,49,79,63] [36,13,43,97,15,31,55,64,54,20,68,85,84,45,58,50,23,57,63,79,49,26,73] post
73(85(31(43(36)(13))(15()(97)))(68(64(55)())(20()(54))))(26(50(45()(84))(58))(49(57(23)())(79()(63))))
**** ****
[2,16,80,85,48,38,53,18,77,55,96,23,78,57,29,8,59,43,26,10,52,27,9,36,62,54] [2,80,16,48,53,38,85,77,55,78,23,96,18,29,59,8,26,10,43,27,36,54,62,9,52,57] post
57(18(85(16(2)(80))(38(48)(53)))(96(55(77)())(23()(78))))(52(43(8(29)(59))(10(26)()))(9(27)(62(36)(54))))
**** ****
[51,52,95,61,15,35,33,18,10,74,79,84,4,55,27,76,47,49,5,21,85,53,83,57,73,38,13] [51,52,15,61,95,33,18,74,84,79,10,35,55,27,47,5,49,76,85,83,53,73,13,38,57,21,4] post
4(35(95(52(51)())(61()(15)))(10(18(33)())(79(74)(84))))(21(76(27(55)())(49(47)(5)))(57(53(85)(83))(38(73)(13))))
**** ****
[68,77,3,37,76,18,21,19,89,86,96,73,10,9,61,63,57,39,29,17,90,6,38,51,87,60] [77,68,37,18,76,3,89,19,96,10,73,86,21,61,57,63,17,29,39,38,6,60,87,51,90,9] post
9(21(3(68()(77))(76(37)(18)))(86(19()(89))(73(96)(10))))(90(39(63(61)(57))(29()(17)))(51(6()(38))(87()(60))))
**** ****
[79,80,6,59,39,69,83,21,54,61,20,96] [80,79,59,39,6,21,83,61,96,20,54,69] post
69(6(79()(80))(39(59)()))(54(83()(21))(20(61)(96)))
**** ****
[17,28,80,82,35,26,5,42,79,50,73,27] [17,28,35,82,80,5,79,42,27,73,50,26] post
26(80(28(17)())(82()(35)))(50(42(5)(79))(73()(27)))
**** ****
[47,12,82,92,34,51,43,80,28,91,55,69,66,95] [47,82,12,34,43,51,92,91,28,69,95,66,55,80] post
80(92(12(47)(82))(51(34)(43)))(55(28()(91))(66(69)(95)))
**** ****
[26,14,58,61,40,89,30,25,97,63,96,60,13,23] [26,58,14,40,30,89,61,97,63,60,23,13,96,25] post
25(61(14(26)(58))(89(40)(30)))(96(63(97)())(13(60)(23)))
**** ****
[38,4,17,41,37,39,66,9,49,14,84,48,45,58,88,59,26,67,46,52,20,63,34,83,85] [38,4,41,39,37,17,9,49,84,45,48,14,66,59,88,67,26,52,63,20,85,83,34,46,58] post
58(66(17(4(38)())(37(41)(39)))(14(49(9)())(48(84)(45))))(46(26(88()(59))(67))(34(20(52)(63))(83()(85))))
**** ****
[24,32,27,12,34,55,82,57,41,53,92,91,1,63,9,23,98,84,16,13,66,14,64,50,76,74,49,45,65] [24,27,32,34,82,55,12,41,92,53,1,9,63,91,57,84,98,13,14,66,16,50,74,76,45,65,49,64,23] post
23(57(12(32(24)(27))(55(34)(82)))(91(53(41)(92))(63(1)(9))))(64(16(98()(84))(66(13)(14)))(49(76(50)(74))(65(45)())))
**** ****
[60,29,66,72,53,64,46,74,7,17,8,6,33] [60,66,29,53,46,64,72,7,8,17,33,6,74] post
74(72(29(60)(66))(64(53)(46)))(6(17(7)(8))(33))
**** ****
[97,92,38,41,7,45,82,36,72,26,77,71,94,98,47,11,90,68,24,59,85,23,4,51,50] [97,38,92,7,45,41,72,36,71,77,26,82,98,11,47,68,24,90,23,85,50,51,4,59,94] post
94(82(41(92(97)(38))(45(7)()))(26(36()(72))(77()(71))))(59(90(47(98)(11))(24(68)()))(4(85()(23))(51()(50))))
**** ****
[78,21,36,32,66,24,2,95,62,46,73,39,91,61,74,64,77,34,30,81,41,85,5,42,19,83,33] [78,36,21,66,2,24,32,46,62,39,61,91,73,95,77,64,30,81,34,5,85,19,33,83,42,41,74] post
74(95(32(21(78)(36))(24(66)(2)))(73(62()(46))(91(39)(61))))(41(34(64()(77))(81(30)()))(42(85()(5))(83(19)(33))))
**** ****
[63,62,21,14,74,88,81,45,17,87,2] [63,21,62,74,14,45,81,87,2,17,88] post
88(14(62(63)(21))(74))(17(81()(45))(2(87)()))
**** ****
[42,11,68,14,4,56,90,22,59,20,74,86,46,35] [42,68,11,4,56,14,22,20,59,86,35,46,74,90] post
90(14(11(42)(68))(56(4)()))(74(59(22)(20))(46(86)(35)))
**** ****
[79,97,39,80,1,21,81,4,2,13,61,98,36,82,7,59,23,74,26,64,87,20,16,94,76,46,51] [79,39,97,21,1,80,4,13,2,98,82,36,61,81,59,74,23,64,26,16,20,76,51,46,94,87,7] post
7(81(80(97(79)(39))(1()(21)))(61(2(4)(13))(36(98)(82))))(87(26(23(59)(74))(64))(94(20()(16))(46(76)(51))))
**** ****
[65,11,32,6,52,44,59,95,68,79,38,49] [65,32,11,52,59,44,6,68,79,49,38,95] post
95(6(11(65)(32))(44(52)(59)))(38(79(68)())(49))
**** ****
[88,70,35,19,92,54,87,10,31,5,55,98,86,45,79,27,44,30,22,40,89,13,48] [70,88,19,35,87,54,31,5,10,92,98,86,79,45,44,22,30,89,48,13,40,27,55] post
55(92(35(88()(70))(19))(10(54()(87))(5(31)())))(27(45(86(98)())(79))(40(30(44)(22))(13(89)(48))))
**** ****
[71,32,81,94,67,65,64,54,43,97,85,50,17,22] [32,71,94,65,67,81,54,97,43,50,22,17,85,64] post
64(81(71()(32))(67(94)(65)))(85(43(54)(97))(17(50)(22)))
**** ****
[16,97,17,43,54,93,96,55,51,81,31,52,63,75,38,8,72,19,66,36,60,92,61,7,21,84] [16,17,97,54,96,93,43,51,81,52,63,31,55,38,72,8,66,19,60,92,7,84,21,61,36,75] post
75(55(43(97(16)(17))(93(54)(96)))(31(81(51)())(63(52)())))(36(19(8(38)(72))(66))(61(92(60)())(21(7)(84))))
**** ****
[28,95,12,35,56,48,29,33,47,83,90,58] [28,12,95,56,29,48,35,47,90,58,83,33] post
33(35(95(28)(12))(48(56)(29)))(83(47)(58(90)()))
**** ****
[69,25,7,54,59,10,35,51,50,56,47,81,52,53,73,82,65,74,95,16,79,3,30,33,13,70] [25,69,59,54,7,51,35,47,56,50,10,52,73,53,65,74,82,16,3,79,33,70,13,30,95,81] post
81(10(7(69()(25))(54()(59)))(50(35()(51))(56()(47))))(95(82(53(52)(73))(74(65)()))(30(79(16)(3))(13(33)(70))))
**** ****
[62,86,28,76,78,94,49,9,24,7,63,13,88,21,37,74,67,15,61,53,25,22,81,39] [62,28,86,78,49,94,76,24,63,88,13,7,9,37,74,15,67,53,25,39,81,22,61,21] post
21(9(76(86(62)(28))(94(78)(49)))(7(24)(13(63)(88))))(61(67(74(37)())(15))(22(25(53)())(81()(39))))
**** ****
[2,58,36,48,15,54,72,38,31,32,59,50,11,39,74,12,65,83,81,89,93,76,6,23,95,70] [58,2,48,54,15,36,31,38,59,11,50,32,72,74,65,12,81,83,93,6,76,70,95,23,89,39] post
39(72(36(2()(58))(15(48)(54)))(32(38()(31))(50(59)(11))))(89(83(12(74)(65))(81))(23(76(93)(6))(95()(70))))
**** ****
[47,23,26,45,13,2,27,95,46,38,20,41,30,18,29,73,25,61,75,44,68,4,94,76,62,74,48,91,65] [47,23,45,13,26,27,46,95,20,30,41,38,2,29,25,73,75,68,44,61,94,62,76,48,65,91,74,4,18] post
18(2(26(23(47)())(13(45)()))(38(95(27)(46))(41(20)(30))))(4(61(73(29)(25))(44(75)(68)))(74(76(94)(62))(91(48)(65))))
**** ****
[14,16,74,39,5,65,26,64,84,18,73,89,51,69] [14,74,16,5,65,39,64,18,84,89,69,51,73,26] post
26(39(16(14)(74))(65(5)()))(73(84(64)(18))(51(89)(69)))
**** ****
[86,24,76,51,64,48,67,17,98,95,16,31,12,47,77,81,19,58,80,41,13,52,5,69,21,66,65,88,45] [86,24,64,51,76,67,98,17,16,12,31,95,48,77,19,81,80,13,41,58,5,21,69,65,45,88,66,52,47] post
47(48(76(24(86)())(51()(64)))(95(17(67)(98))(31(16)(12))))(52(58(81(77)(19))(41(80)(13)))(66(69(5)(21))(88(65)(45))))
**** ****
[96,1,57,65,27,40,4,26,24,80,14,81,97] [1,96,65,27,57,4,24,26,14,97,81,80,40] post
40(57(96()(1))(27(65)()))(80(26(4)(24))(81(14)(97)))
**** ****
[60,89,29,15,53,85,98,79,25,38,5,2,7] [60,29,89,53,98,85,15,25,38,2,7,5,79] post
79(15(89(60)(29))(85(53)(98)))(5(38(25)())(7(2)()))
**** ****
[62,34,81,82,92,50,53,32,75,55,85,59,65,98,76,61,74,69,18,28,20,47,83,27,4,38] [62,34,82,50,92,81,32,55,59,85,75,53,98,61,76,69,18,74,20,83,47,38,4,27,28,65] post
65(53(81(34(62)())(92(82)(50)))(75(32)(85(55)(59))))(28(74(76(98)(61))(18(69)()))(27(47(20)(83))(4()(38))))
**** ****
[25,96,35,31,19,70,83,94,38,30,82,28,37,88,87,95,39,10,13,80,68,55,72,67,89,17,40] [25,35,96,19,70,31,94,30,38,37,28,82,83,87,39,95,13,68,80,10,72,67,17,40,89,55,88] post
88(83(31(96(25)(35))(70(19)()))(82(38(94)(30))(28()(37))))(55(10(95(87)(39))(80(13)(68)))(89(67(72)())(40(17)())))
**** ****
[16,72,41,91,46,53,68,4,31,22,14,77,64,80] [72,16,91,53,46,41,4,22,31,77,80,64,14,68] post
68(41(16()(72))(46(91)(53)))(14(31(4)(22))(64(77)(80)))
**** ****
[3,89,71,2,33,49,34,15,88,72,13,68,14] [3,71,89,33,49,2,15,72,88,68,14,13,34] post
34(2(89(3)(71))(49(33)()))(13(88(15)(72))(14(68)()))
**** ****
[30,49,22,31,43,23,94,82,13,8,19] [30,31,22,49,94,23,13,19,8,82,43] post
43(49(30)(22()(31)))(82(23()(94))(8(13)(19)))
**** ****
[85,42,26,63,18,87,28,47,19,29,57,43] [85,26,42,18,87,63,47,29,19,43,57,28] post
28(63(42(85)(26))(87(18)()))(57(19(47)(29))(43))
**** ****
[14,59,46,9,2,23,80,11,63,78,35,29,22,52,88,64,77,36,19,53,67,20,42,8,96] [14,9,46,59,23,11,80,78,63,2,29,52,22,64,36,77,88,53,20,67,8,96,42,19,35] post
35(2(59(14)(46()(9)))(63(80(23)(11))(78)))(19(88(22(29)(52))(77(64)(36)))(42(67(53)(20))(96(8)())))
**** ****
[50,29,32,75,24,77,18,22,11,1,46,25] [50,32,29,77,24,75,22,11,25,46,1,18] post
18(75(29(50)(32))(24()(77)))(1(11(22)())(46()(25)))
**** ****
[84,79,77,44,75,61,41,54,69,56,83,45,55,47,29,36,66,60,86,58,93,70,74,51,85,71,10] [84,77,44,79,61,54,41,56,45,83,69,75,47,36,29,60,58,86,66,70,51,74,10,71,85,93,55] post
55(75(79(84)(44(77)()))(69(41(61)(54))(83(56)(45))))(93(66(29(47)(36))(86(60)(58)))(85(74(70)(51))(71()(10))))
**** ****
[20,32,16,28,93,21,10,47,82,48,35,49,91,95,65,73,45,66,78,13,74,87,1,58,89,54] [20,16,32,93,10,21,28,82,49,35,48,47,95,65,45,78,66,73,74,1,87,89,54,58,13,91] post
91(47(28(32(20)(16))(21(93)(10)))(48(82)(35()(49))))(13(73(65(95)())(66(45)(78)))(58(87(74)(1))(54(89)())))
**** ****
[85,26,44,13,25,40,10,9,74,81,36,57,98,61,30,54,86,84,1,37,42,18,43,55,6] [85,44,26,25,40,13,74,9,36,98,57,81,10,30,86,1,84,54,42,18,6,55,43,37,61] post
61(10(13(26(85)(44))(40(25)()))(81(9()(74))(57(36)(98))))(37(54(30)(84(86)(1)))(43(18(42)())(55()(6))))
**** ****
