[2,1,3] [1,2,3] pre
1(2)(3)
**** ****
[2,1,3] [1,2,2] pre
error
**** ****
[10] [10] pre
10
**** ****
[2,20,36] [20,2,36] pre
20(2)(36)
**** ****
[25,70,92,98] [92,70,25,98] pre
92(70(25)())(98)
**** ****
[4] [4] pre
4
**** ****
[97] [97] pre
97
**** ****
[85,57] [85,57] pre
85()(57)
**** ****
[98,50,71,55,19,41] [55,50,98,71,41,19] pre
55(50(98)(71))(41(19)())
**** ****
[57,18,73,67,31] [73,57,18,31,67] pre
73(57()(18))(31(67)())
**** ****
[69] [69] pre
69
**** ****
[54] [54] pre
54
**** ****
[51] [51] pre
51
**** ****
[28] [28] pre
28
**** ****
[97] [97] pre
97
**** ****
[81,71,20,94,42] [71,81,94,20,42] pre
71(81)(94(20)(42))
**** ****
[66] [66] pre
66
**** ****
[44,81,60,29] [81,44,29,60] pre
81(44)(29(60)())
**** ****
[83] [83] pre
83
**** ****
[82] [82] pre
82
**** ****
[1,93,26] [93,1,26] pre
93(1)(26)
**** ****
[11,32,62,75,82,87] [62,11,32,82,75,87] pre
62(11()(32))(82(75)(87))
**** ****
[93,73,64] [73,93,64] pre
73(93)(64)
**** ****
[55] [55] pre
55
**** ****
[77] [77] pre
77
**** ****
[58] [58] pre
58
**** ****
[35] [35] pre
35
**** ****
[81] [81] pre
81
**** ****
[43,17,11,36,79] [17,43,36,11,79] pre
17(43)(36(11)(79))
**** ****
[56,75,12,23,33] [12,56,75,33,23] pre
12(56()(75))(33(23)())
**** ****
[3,84,73,60,64] [73,84,3,64,60] pre
73(84(3)())(64(60)())
**** ****
[67,43,96,4,37,51] [96,67,43,37,4,51] pre
96(67()(43))(37(4)(51))
**** ****
[42,54,82] [54,42,82] pre
54(42)(82)
**** ****
[48,18,79,13,83] [79,48,18,13,83] pre
79(48()(18))(13()(83))
**** ****
[86] [86] pre
86
**** ****
[54] [54] pre
54
**** ****
[34] [34] pre
34
**** ****
[15] [15] pre
15
**** ****
[47] [47] pre
47
**** ****
[31] [31] pre
31
**** ****
[52] [52] pre
52
**** ****
[2,73,73,72,69] [73,2,73,72,69] pre
error
**** ****
[81] [81] pre
81
**** ****
[58] [58] pre
58
**** ****
[98] [98] pre
98
**** ****
[98] [98] pre
98
**** ****
[9] [9] pre
9
**** ****
[18] [18] pre
18
**** ****
[66,34,72,71,74,25] [71,34,66,72,74,25] pre
71(34(66)(72))(74()(25))
**** ****
[42,29,29,4,65] [4,29,42,29,65] pre
error
**** ****
[60] [60] pre
60
**** ****
[62,15,1,85,90] [85,15,62,1,90] pre
85(15(62)(1))(90)
**** ****
[64,41] [64,41] pre
64()(41)
**** ****
[77,59,91,57] [91,77,59,57] pre
91(77()(59))(57)
**** ****
[14,27,51,21,73,14] [51,14,27,73,21,14] pre
error
**** ****
[30,80,74] [80,30,74] pre
80(30)(74)
**** ****
[89] [89] pre
89
**** ****
[99,63,63,2,60,55] [2,63,99,63,60,55] pre
error
**** ****
[63,52,71,97] [52,63,71,97] pre
52(63)(71()(97))
**** ****
[47,6,79,35] [79,6,47,35] pre
79(6(47)())(35)
**** ****
[66,33,99,75,81,16,24] [75,33,66,99,16,81,24] pre
75(33(66)(99))(16(81)(24))
**** ****
[7] [7] pre
7
**** ****
[57,84,28] [84,57,28] pre
84(57)(28)
**** ****
[88] [88] pre
88
**** ****
[93,96,25,23,78,97,3] [23,96,93,25,97,78,3] pre
23(96(93)(25))(97(78)(3))
**** ****
[10,40,82,54,57,23] [54,40,10,82,57,23] pre
54(40(10)(82))(57()(23))
**** ****
[54,11] [11,54] pre
11(54)()
**** ****
[52,78,23] [78,52,23] pre
78(52)(23)
**** ****
[45,7] [45,7] pre
45()(7)
**** ****
[49] [49] pre
49
**** ****
[47] [47] pre
47
**** ****
[28] [28] pre
28
**** ****
[14,83] [83,14] pre
83(14)()
**** ****
[88] [88] pre
88
**** ****
[90,15,75] [15,90,75] pre
15(90)(75)
**** ****
[15,9] [15,9] pre
15()(9)
**** ****
[93,6,29] [6,93,29] pre
6(93)(29)
**** ****
[36,85] [36,85] pre
36()(85)
**** ****
[12] [12] pre
12
**** ****
[30] [30] pre
30
**** ****
[37] [37] pre
37
**** ****
[96] [96] pre
96
**** ****
[81] [81] pre
81
**** ****
[73] [73] pre
73
**** ****
[32,3,54] [3,32,54] pre
3(32)(54)
**** ****
[81,94,86,73,57,86,46] [73,94,81,86,86,57,46] pre
error
**** ****
[30] [30] pre
30
**** ****
[37,74] [74,37] pre
74(37)()
**** ****
[19] [19] pre
19
**** ****
[8] [8] pre
8
**** ****
[29,78] [29,78] pre
29()(78)
**** ****
[20,20,52,98,8] [98,20,20,52,8] pre
error
**** ****
[73] [73] pre
73
**** ****
[50,81,59,19,98] [81,50,19,59,98] pre
81(50)(19(59)(98))
**** ****
[28,67,48,91,68,72] [91,67,28,48,68,72] pre
91(67(28)(48))(68()(72))
**** ****
[69,93,14] [93,69,14] pre
93(69)(14)
**** ****
[83,23] [23,83] pre
23(83)()
**** ****
[90] [90] pre
90
**** ****
[94,94] [94,94] pre
error
**** ****
[54] [54] pre
54
**** ****
[92,58,25,37,40] [25,58,92,40,37] pre
25(58(92)())(40(37)())
**** ****
[3,8,98,55] [8,3,55,98] pre
8(3)(55(98)())
**** ****
[54,52,75,20,42] [52,54,20,75,42] pre
52(54)(20(75)(42))
**** ****
[86,1,34,8,78] [34,1,86,78,8] pre
34(1(86)())(78(8)())
**** ****
[36,29,90,4] [90,29,36,4] pre
90(29(36)())(4)
**** ****
[58,5,61] [5,58,61] pre
5(58)(61)
**** ****
[15,77,80,1,39,42] [80,77,15,39,1,42] pre
80(77(15)())(39(1)(42))
**** ****
[37] [37] pre
37
**** ****
[31,64] [31,64] pre
31()(64)
**** ****
[34] [34] pre
34
**** ****
[8] [8] pre
8
**** ****
[4] [4] pre
4
**** ****
[85,30] [30,85] pre
30(85)()
**** ****
[20,33] [33,20] pre
33(20)()
**** ****
[22,52,1] [52,22,1] pre
52(22)(1)
**** ****
[90] [90] pre
90
**** ****
[73,21] [73,21] pre
73()(21)
**** ****
[26] [26] pre
26
**** ****
[83,54,5] [54,83,5] pre
54(83)(5)
**** ****
[6,62,21,31,91,71] [31,62,6,21,71,91] pre
31(62(6)(21))(71(91)())
**** ****
[97] [97] pre
97
**** ****
[61] [61] pre
61
**** ****
[16] [16] pre
16
**** ****
[51,23,17] [23,51,17] pre
23(51)(17)
**** ****
[99,85,64,33,94,81,14] [33,85,99,64,81,94,14] pre
33(85(99)(64))(81(94)(14))
**** ****
[58,8,65,31,10,24,76] [31,8,58,65,24,10,76] pre
31(8(58)(65))(24(10)(76))
**** ****
[64,24,14,61,72,75] [61,24,64,14,72,75] pre
61(24(64)(14))(72()(75))
**** ****
[47,2,76,11] [2,47,11,76] pre
2(47)(11(76)())
**** ****
[59,75,68,16,79,29] [68,59,75,79,16,29] pre
68(59()(75))(79(16)(29))
**** ****
[32,34,37,40,24] [37,34,32,40,24] pre
37(34(32)())(40()(24))
**** ****
[5,86] [86,5] pre
86(5)()
**** ****
[36] [36] pre
36
**** ****
[93,62] [93,62] pre
93()(62)
**** ****
[12,85,26] [85,12,26] pre
85(12)(26)
**** ****
[42] [42] pre
42
**** ****
[53,54,30,39,11,65] [30,53,54,11,39,65] pre
30(53()(54))(11(39)(65))
**** ****
[95,3,59,94,5,10] [59,95,3,5,94,10] pre
59(95()(3))(5(94)(10))
**** ****
[16] [16] pre
16
**** ****
[95] [95] pre
95
**** ****
[25] [25] pre
25
**** ****
[2] [2] pre
2
**** ****
[16,56,54] [56,16,54] pre
56(16)(54)
**** ****
[72] [72] pre
72
**** ****
[37,48,30,89,56,18] [30,37,48,56,89,18] pre
30(37()(48))(56(89)(18))
**** ****
[18,39] [18,39] pre
18()(39)
**** ****
[23,68,34,14,70,80,92] [14,68,23,34,80,70,92] pre
14(68(23)(34))(80(70)(92))
**** ****
[50,20] [20,50] pre
20(50)()
**** ****
[28,70,51] [70,28,51] pre
70(28)(51)
**** ****
[39] [39] pre
39
**** ****
[65,48,95,12,65] [12,48,65,95,65] pre
error
**** ****
[38] [38] pre
38
**** ****
[30] [30] pre
30
**** ****
[11] [11] pre
11
**** ****
[3,87,58,91] [58,3,87,91] pre
58(3()(87))(91)
**** ****
[35,66,32] [66,35,32] pre
66(35)(32)
**** ****
[54,19,25] [19,54,25] pre
19(54)(25)
**** ****
[57] [57] pre
57
**** ****
[13] [13] pre
13
**** ****
[55] [55] pre
55
**** ****
[60] [60] pre
60
**** ****
[5] [5] pre
5
**** ****
[89] [89] pre
89
**** ****
[12,4,69] [4,12,69] pre
4(12)(69)
**** ****
[65,21,8,36,14,14] [36,21,65,8,14,14] pre
error
**** ****
[17,91,96,73] [91,17,96,73] pre
91(17)(96()(73))
**** ****
[31] [31] pre
31
**** ****
[80,88] [80,88] pre
80()(88)
**** ****
[57] [57] pre
57
**** ****
[7,89,64] [89,7,64] pre
89(7)(64)
**** ****
[30,98,28,29] [28,98,30,29] pre
28(98(30)())(29)
**** ****
[9,17,34] [17,9,34] pre
17(9)(34)
**** ****
[5,30,69] [30,5,69] pre
30(5)(69)
**** ****
[13] [13] pre
13
**** ****
[20,74] [20,74] pre
20()(74)
**** ****
[41,74,47,89,65] [89,74,41,47,65] pre
89(74(41)(47))(65)
**** ****
[65,58,88] [58,65,88] pre
58(65)(88)
**** ****
[30,62,7,91,76] [7,30,62,76,91] pre
7(30()(62))(76(91)())
**** ****
[5,78,98,59] [98,5,78,59] pre
98(5()(78))(59)
**** ****
[84] [84] pre
84
**** ****
[25] [25] pre
25
**** ****
[82,61,53] [61,82,53] pre
61(82)(53)
**** ****
[72,29,35,98,90,74,1] [98,29,72,35,74,90,1] pre
98(29(72)(35))(74(90)(1))
**** ****
[60,15,55,19] [55,60,15,19] pre
55(60()(15))(19)
**** ****
[64] [64] pre
64
**** ****
[42,32] [32,42] pre
32(42)()
**** ****
[21,94,5,74,50] [94,21,74,5,50] pre
94(21)(74(5)(50))
**** ****
[59,98,89,40,28,36] [40,98,59,89,36,28] pre
40(98(59)(89))(36(28)())
**** ****
[17,75,70,94,55] [70,17,75,55,94] pre
70(17()(75))(55(94)())
**** ****
[84,63] [63,84] pre
63(84)()
**** ****
[16,64,7] [64,16,7] pre
64(16)(7)
**** ****
[42,26,25,69,29] [25,26,42,69,29] pre
25(26(42)())(69()(29))
**** ****
[61] [61] pre
61
**** ****
[73,42] [42,73] pre
42(73)()
**** ****
[16,72] [16,72] pre
16()(72)
**** ****
[41,85,64,52,99,5] [52,85,41,64,5,99] pre
52(85(41)(64))(5(99)())
**** ****
[65,24] [65,24] pre
65()(24)
**** ****
[58,59,77] [59,58,77] pre
59(58)(77)
**** ****
[58] [58] pre
58
**** ****
[41,65] [65,41] pre
65(41)()
**** ****
[67] [67] pre
67
**** ****
[92,9,59] [9,92,59] pre
9(92)(59)
**** ****
[86,6] [86,6] pre
86()(6)
**** ****
[98] [98] pre
98
**** ****
[68] [68] pre
68
**** ****
[61,45,78,9,35,50] [9,45,61,78,35,50] pre
9(45(61)(78))(35()(50))
**** ****
[51] [51] pre
51
**** ****
[77] [77] pre
77
**** ****
[7,41,46,98] [41,7,46,98] pre
41(7)(46()(98))
**** ****
[19,27,40,56,42,13] [56,27,19,40,13,42] pre
56(27(19)(40))(13(42)())
**** ****
[64,23,8,26,72] [23,64,26,8,72] pre
23(64)(26(8)(72))
**** ****
[54] [54] pre
54
**** ****
[86,87,24] [87,86,24] pre
87(86)(24)
**** ****
[48,24,58] [24,48,58] pre
24(48)(58)
**** ****
[2,42,96,52,26,77] [96,42,2,26,52,77] pre
96(42(2)())(26(52)(77))
**** ****
[24,37,77,36,47] [77,37,24,36,47] pre
77(37(24)())(36()(47))
**** ****
[44] [44] pre
44
**** ****
[79,88,60] [88,79,60] pre
88(79)(60)
**** ****
[76,7,69,2,50,68] [2,7,76,69,50,68] pre
2(7(76)(69))(50()(68))
**** ****
[81] [81] pre
81
**** ****
[91,42,31,68,94] [31,42,91,68,94] pre
31(42(91)())(68()(94))
**** ****
[79] [79] pre
79
**** ****
[87,47,20,95,20,90] [95,47,87,20,90,20] pre
error
**** ****
[65] [65] pre
65
**** ****
[65,7,86] [7,65,86] pre
7(65)(86)
**** ****
[3] [3] pre
3
**** ****
[20,77,58,44] [58,77,20,44] pre
58(77(20)())(44)
**** ****
[66,35,44,88] [35,66,44,88] pre
35(66)(44()(88))
**** ****
[95,55,25,42,9] [25,55,95,9,42] pre
25(55(95)())(9(42)())
**** ****
[62,93,98,31,61] [98,93,62,61,31] pre
98(93(62)())(61(31)())
**** ****
[79] [79] pre
79
**** ****
[72,55,6] [55,72,6] pre
55(72)(6)
**** ****
[99] [99] pre
99
**** ****
[75] [75] pre
75
**** ****
[72] [72] pre
72
**** ****
[34,66] [66,34] pre
66(34)()
**** ****
[94] [94] pre
94
**** ****
[87] [87] pre
87
**** ****
[62,82,48,25] [82,62,48,25] pre
82(62)(48()(25))
**** ****
[30] [30] pre
30
**** ****
[32,96] [32,96] pre
32()(96)
**** ****
[54,25,65] [25,54,65] pre
25(54)(65)
**** ****
[93,66,3,33,20] [33,66,93,3,20] pre
33(66(93)(3))(20)
**** ****
[42] [42] pre
42
**** ****
[61] [61] pre
61
**** ****
[14] [14] pre
14
**** ****
[4,96] [4,96] pre
4()(96)
**** ****
[18] [18] pre
18
**** ****
[99,49,77,70,58,74] [70,49,99,77,74,58] pre
70(49(99)(77))(74(58)())
**** ****
[66,95] [95,66] pre
95(66)()
**** ****
[45,50,73,8,11,58] [8,50,45,73,11,58] pre
8(50(45)(73))(11()(58))
**** ****
[88] [88] pre
88
**** ****
[21,95,95] [95,21,95] pre
error
**** ****
[92,78] [92,78] pre
92()(78)
**** ****
[94,60] [94,60] pre
94()(60)
**** ****
[41,56,71,8,54,23,18] [8,56,41,71,23,54,18] pre
8(56(41)(71))(23(54)(18))
**** ****
[57,90] [57,90] pre
57()(90)
**** ****
[37] [37] pre
37
**** ****
[51] [51] pre
51
**** ****
[30,50,30] [50,30,30] pre
error
**** ****
[56,30] [30,56] pre
30(56)()
**** ****
[25,96,30,23,99,77] [30,25,96,99,23,77] pre
30(25()(96))(99(23)(77))
**** ****
[70,30,7,44,54,20] [44,30,70,7,20,54] pre
44(30(70)(7))(20(54)())
**** ****
[95] [95] pre
95
**** ****
[37] [37] pre
37
**** ****
[20,7,27,48,19,82,92] [48,7,20,27,82,19,92] pre
48(7(20)(27))(82(19)(92))
**** ****
[96,52,49,37,64] [49,96,52,64,37] pre
49(96()(52))(64(37)())
**** ****
[53] [53] pre
53
**** ****
[68,17,78] [17,68,78] pre
17(68)(78)
**** ****
[19,93,4] [93,19,4] pre
93(19)(4)
**** ****
[86] [86] pre
86
**** ****
[83,20,73,14,17,23,77] [14,20,83,73,23,17,77] pre
14(20(83)(73))(23(17)(77))
**** ****
[34] [34] pre
34
**** ****
[2,22] [2,22] pre
2()(22)
**** ****
[94] [94] pre
94
**** ****
[57] [57] pre
57
**** ****
[40] [40] pre
40
**** ****
[36] [36] pre
36
**** ****
[48] [48] pre
48
**** ****
[37,96,72,19] [96,37,19,72] pre
96(37)(19(72)())
**** ****
[16,67,75,18,68] [75,16,67,18,68] pre
75(16()(67))(18()(68))
**** ****
[16,2,85,78,19,44] [85,16,2,19,78,44] pre
85(16()(2))(19(78)(44))
**** ****
[91,69,62] [69,91,62] pre
69(91)(62)
**** ****
[73] [73] pre
73
**** ****
[9] [9] pre
9
**** ****
[67,18] [18,67] pre
18(67)()
**** ****
[38,93] [93,38] pre
93(38)()
**** ****
[34,62,13,79,46] [13,62,34,79,46] pre
13(62(34)())(79()(46))
**** ****
[81,83,22,30,41] [22,81,83,41,30] pre
22(81()(83))(41(30)())
**** ****
[37] [37] pre
37
**** ****
[95,6,21] [6,95,21] pre
6(95)(21)
**** ****
[43] [43] pre
43
**** ****
[56] [56] pre
56
**** ****
[17,25,67,50,61,5] [50,25,17,67,61,5] pre
50(25(17)(67))(61()(5))
**** ****
[24,78] [24,78] pre
24()(78)
**** ****
[17] [17] pre
17
**** ****
[29,47,31,32,92,99] [31,29,47,92,32,99] pre
31(29()(47))(92(32)(99))
**** ****
[47,10,48,94,68,94,16] [94,10,47,48,94,68,16] pre
error
**** ****
[32,63,4,74,3,45] [4,63,32,3,74,45] pre
4(63(32)())(3(74)(45))
**** ****
[60,37,93,2,76,48,72] [2,37,60,93,48,76,72] pre
2(37(60)(93))(48(76)(72))
**** ****
[24] [24] pre
24
**** ****
[24] [24] pre
24
**** ****
[97,15] [97,15] pre
97()(15)
**** ****
[60,67,83,77] [83,67,60,77] pre
83(67(60)())(77)
**** ****
[94,36,30] [36,94,30] pre
36(94)(30)
**** ****
[87,67] [87,67] pre
87()(67)
**** ****
[11] [11] pre
11
**** ****
[92] [92] pre
92
**** ****
[91] [91] pre
91
**** ****
[71,81,6] [81,71,6] pre
81(71)(6)
**** ****
[96,40] [96,40] pre
96()(40)
**** ****
[32,30,13,81,79,67] [81,30,32,13,67,79] pre
81(30(32)(13))(67(79)())
**** ****
[39,96] [39,96] pre
39()(96)
**** ****
[93,21] [21,93] pre
21(93)()
**** ****
[23,28,19] [28,23,19] pre
28(23)(19)
**** ****
[69,40,36,21,41,53] [21,40,69,36,53,41] pre
21(40(69)(36))(53(41)())
**** ****
[79,75,46,21,85,25,67] [21,75,79,46,25,85,67] pre
21(75(79)(46))(25(85)(67))
**** ****
[96,25,17,59,43,13] [59,25,96,17,13,43] pre
59(25(96)(17))(13(43)())
**** ****
[6,46,9] [46,6,9] pre
46(6)(9)
**** ****
[88] [88] pre
88
**** ****
[26,33,27,86,71,50] [27,33,26,71,86,50] pre
27(33(26)())(71(86)(50))
**** ****
[98,66,10] [66,98,10] pre
66(98)(10)
**** ****
[63] [63] pre
63
**** ****
[16,73] [73,16] pre
73(16)()
**** ****
[97] [97] pre
97
**** ****
[26] [26] pre
26
**** ****
[35] [35] pre
35
**** ****
[75,27,24] [27,75,24] pre
27(75)(24)
**** ****
[97,1,12] [1,97,12] pre
1(97)(12)
**** ****
[95,68,79,71,62,72] [79,68,95,62,71,72] pre
79(68(95)())(62(71)(72))
**** ****
[14,54,1,65,46,40] [1,54,14,46,65,40] pre
1(54(14)())(46(65)(40))
**** ****
[92] [92] pre
92
**** ****
[70,42,64] [42,70,64] pre
42(70)(64)
**** ****
[42,46,97,5,3,91,73] [5,46,42,97,91,3,73] pre
5(46(42)(97))(91(3)(73))
**** ****
[61,27,21] [27,61,21] pre
27(61)(21)
**** ****
[60] [60] pre
60
**** ****
[70,7,4,35,18,60,17] [35,7,70,4,60,18,17] pre
35(7(70)(4))(60(18)(17))
**** ****
[5,70,45,42,91,48] [42,70,5,45,48,91] pre
42(70(5)(45))(48(91)())
**** ****
[10,82,32,21,24,8] [21,82,10,32,24,8] pre
21(82(10)(32))(24()(8))
**** ****
[58,31,85,77,63,34] [85,31,58,63,77,34] pre
85(31(58)())(63(77)(34))
**** ****
[96,64] [96,64] pre
96()(64)
**** ****
[26,32] [26,32] pre
26()(32)
**** ****
[29,77] [77,29] pre
77(29)()
**** ****
[7,20,38,93,56,6] [93,20,7,38,56,6] pre
93(20(7)(38))(56()(6))
**** ****
[17,45] [45,17] pre
45(17)()
**** ****
[97] [97] pre
97
**** ****
[42,45,81] [45,42,81] pre
45(42)(81)
**** ****
[50] [50] pre
50
**** ****
[82,32,52,17,51,25] [17,32,82,52,51,25] pre
17(32(82)(52))(51()(25))
**** ****
[90] [90] pre
90
**** ****
[57] [57] pre
57
**** ****
[2,45,43,55,89,27,24] [55,45,2,43,27,89,24] pre
55(45(2)(43))(27(89)(24))
**** ****
[11] [11] pre
11
**** ****
[95] [95] pre
95
**** ****
[29,36,19,89,4,32] [89,36,29,19,32,4] pre
89(36(29)(19))(32(4)())
**** ****
[18,33,16,5,88] [16,18,33,88,5] pre
16(18()(33))(88(5)())
**** ****
[73,27,16,34,12,82] [34,27,73,16,12,82] pre
34(27(73)(16))(12()(82))
**** ****
[93,9] [9,93] pre
9(93)()
**** ****
[1] [1] pre
1
**** ****
[36,91,26] [91,36,26] pre
91(36)(26)
**** ****
[47] [47] pre
47
**** ****
[94] [94] pre
94
**** ****
[9,80,47] [80,9,47] pre
80(9)(47)
**** ****
[98] [98] pre
98
**** ****
[41,68,95] [68,41,95] pre
68(41)(95)
**** ****
[75,16,90,5] [16,75,5,90] pre
16(75)(5(90)())
**** ****
[53,21,46,64,91,6] [46,53,21,91,64,6] pre
46(53()(21))(91(64)(6))
**** ****
[74,78,34,7,23] [34,78,74,7,23] pre
34(78(74)())(7()(23))
**** ****
[38,34,79,73,23,29] [79,38,34,23,73,29] pre
79(38()(34))(23(73)(29))
**** ****
[51,69] [69,51] pre
69(51)()
**** ****
[56] [56] pre
56
**** ****
[51,22] [51,22] pre
51()(22)
**** ****
[92,29] [29,92] pre
29(92)()
**** ****
[59] [59] pre
59
**** ****
[57,94,30,88,26,98] [88,94,57,30,26,98] pre
88(94(57)(30))(26()(98))
**** ****
[94,46,15] [46,94,15] pre
46(94)(15)
**** ****
[13] [13] pre
13
**** ****
[54] [54] pre
54
**** ****
[48] [48] pre
48
**** ****
[57,52,28,25,96] [52,57,25,28,96] pre
52(57)(25(28)(96))
**** ****
[23,29,87] [29,23,87] pre
29(23)(87)
**** ****
[89] [89] pre
89
**** ****
[59,92] [59,92] pre
59()(92)
**** ****
[81,41,1] [41,81,1] pre
41(81)(1)
**** ****
[24,67,34,39,68,2,65] [39,67,24,34,2,68,65] pre
39(67(24)(34))(2(68)(65))
**** ****
[18,6,96] [6,18,96] pre
6(18)(96)
**** ****
[67] [67] pre
67
**** ****
[25,60] [25,60] pre
25()(60)
**** ****
[18,59,51,55,12,2] [51,59,18,12,55,2] pre
51(59(18)())(12(55)(2))
**** ****
[47,65,6,57,2,91] [57,65,47,6,2,91] pre
57(65(47)(6))(2()(91))
**** ****
[38,58,82] [58,38,82] pre
58(38)(82)
**** ****
[17,60] [60,17] pre
60(17)()
**** ****
[6,21,7,84,58] [7,21,6,58,84] pre
7(21(6)())(58(84)())
**** ****
[79,78,89,40,32,24] [40,78,79,89,24,32] pre
40(78(79)(89))(24(32)())
**** ****
[63,53] [53,63] pre
53(63)()
**** ****
[51] [51] pre
51
**** ****
[54,94,91,59,18,17] [91,54,94,18,59,17] pre
91(54()(94))(18(59)(17))
**** ****
[37,3,33,24,76,20,87] [24,3,37,33,20,76,87] pre
24(3(37)(33))(20(76)(87))
**** ****
[53,36,51,41,97,22] [41,36,53,51,22,97] pre
41(36(53)(51))(22(97)())
**** ****
[10,88] [88,10] pre
88(10)()
**** ****
[20,91,53,17,89,52,34] [17,91,20,53,52,89,34] pre
17(91(20)(53))(52(89)(34))
**** ****
[51] [51] pre
51
**** ****
[3,63,11] [63,3,11] pre
63(3)(11)
**** ****
[11] [11] pre
11
**** ****
[34,69,4,63,62,60] [63,69,34,4,60,62] pre
63(69(34)(4))(60(62)())
**** ****
[75] [75] pre
75
**** ****
[82,71,69,6,67,28,61] [6,71,82,69,28,67,61] pre
6(71(82)(69))(28(67)(61))
**** ****
[68] [68] pre
68
**** ****
[88,58] [58,88] pre
58(88)()
**** ****
[56,48,40,97,14,55,38] [97,48,56,40,55,14,38] pre
97(48(56)(40))(55(14)(38))
**** ****
[49] [49] pre
49
**** ****
[64,35,3,7,28] [3,64,35,28,7] pre
3(64()(35))(28(7)())
**** ****
[26] [26] pre
26
**** ****
[80,66,68,25,92] [66,80,25,68,92] pre
66(80)(25(68)(92))
**** ****
[92] [92] pre
92
**** ****
[17,22,50] [22,17,50] pre
22(17)(50)
**** ****
[61] [61] pre
61
**** ****
[37,54] [54,37] pre
54(37)()
**** ****
[14,83,1] [83,14,1] pre
83(14)(1)
**** ****
[96,87,28,60,54,32] [28,87,96,54,60,32] pre
28(87(96)())(54(60)(32))
**** ****
[60,93,39,57,74,35] [39,93,60,74,57,35] pre
39(93(60)())(74(57)(35))
**** ****
[43] [43] pre
43
**** ****
[61,71,78,81,65] [81,71,61,78,65] pre
81(71(61)(78))(65)
**** ****
[69] [69] pre
69
**** ****
[61,7] [61,7] pre
61()(7)
**** ****
[98,92,48,65,82] [65,92,98,48,82] pre
65(92(98)(48))(82)
**** ****
[24] [24] pre
24
**** ****
[13,43,14] [43,13,14] pre
43(13)(14)
**** ****
[29] [29] pre
29
**** ****
[57,31] [31,57] pre
31(57)()
**** ****
[66] [66] pre
66
**** ****
[60,32,74,26] [74,32,60,26] pre
74(32(60)())(26)
**** ****
[67,11] [67,11] pre
67()(11)
**** ****
[45] [45] pre
45
**** ****
[10,51,59] [51,10,59] pre
51(10)(59)
**** ****
[39,95,60] [95,39,60] pre
95(39)(60)
**** ****
[11] [11] pre
11
**** ****
[98] [98] pre
98
**** ****
[85,96] [85,96] pre
85()(96)
**** ****
[95,41,75] [41,95,75] pre
41(95)(75)
**** ****
[21,63,92] [63,21,92] pre
63(21)(92)
**** ****
[81,1] [81,1] pre
81()(1)
**** ****
[24,65,93,7,83,94] [93,24,65,83,7,94] pre
93(24()(65))(83(7)(94))
**** ****
[5] [5] pre
5
**** ****
[25,30] [25,30] pre
25()(30)
**** ****
[66,68,16,74,75] [68,66,74,16,75] pre
68(66)(74(16)(75))
**** ****
[77,70,69,42,60,96] [42,70,77,69,60,96] pre
42(70(77)(69))(60()(96))
**** ****
[51,77,74,70,16,82] [70,77,51,74,82,16] pre
70(77(51)(74))(82(16)())
**** ****
[88,86,6,85,83,21,87] [85,86,88,6,21,83,87] pre
85(86(88)(6))(21(83)(87))
**** ****
[96] [96] pre
96
**** ****
[38,54,39] [54,38,39] pre
54(38)(39)
**** ****
[6,20,1,74,55] [74,20,6,1,55] pre
74(20(6)(1))(55)
**** ****
[28,19,37] [19,28,37] pre
19(28)(37)
**** ****
[63,96,1,82,83,92] [82,96,63,1,92,83] pre
82(96(63)(1))(92(83)())
**** ****
[41] [41] pre
41
**** ****
[14,58,27] [58,14,27] pre
58(14)(27)
**** ****
[6,92,31,96,97,62,82] [96,92,6,31,62,97,82] pre
96(92(6)(31))(62(97)(82))
**** ****
[52] [52] pre
52
**** ****
[65,74,9] [74,65,9] pre
74(65)(9)
**** ****
[62,44] [62,44] pre
62()(44)
**** ****
[77,76] [76,77] pre
76(77)()
**** ****
[33] [33] pre
33
**** ****
[33] [33] pre
33
**** ****
[24,59,53] [59,24,53] pre
59(24)(53)
**** ****
[98] [98] pre
98
**** ****
[20,22,74,62,23] [74,20,22,62,23] pre
74(20()(22))(62()(23))
**** ****
[73,60,20] [60,73,20] pre
60(73)(20)
**** ****
[88,86] [88,86] pre
88()(86)
**** ****
[35,41,45,62,88,19,86] [62,41,35,45,19,88,86] pre
62(41(35)(45))(19(88)(86))
**** ****
[84,31,93,42,66,26,7] [42,31,84,93,26,66,7] pre
42(31(84)(93))(26(66)(7))
**** ****
[16] [16] pre
16
**** ****
[2] [2] pre
2
**** ****
[93,4,9] [4,93,9] pre
4(93)(9)
**** ****
[65,38] [38,65] pre
38(65)()
**** ****
[58] [58] pre
58
**** ****
[56] [56] pre
56
**** ****
[47,39,32] [39,47,32] pre
39(47)(32)
**** ****
[75,14,3,30,29,68,36] [30,14,75,3,68,29,36] pre
30(14(75)(3))(68(29)(36))
**** ****
[94,1,12,35,93] [12,94,1,93,35] pre
12(94()(1))(93(35)())
**** ****
[1,76] [1,76] pre
1()(76)
**** ****
[47,97,96,67,17] [96,47,97,17,67] pre
96(47()(97))(17(67)())
**** ****
[37,24,58] [24,37,58] pre
24(37)(58)
**** ****
[10,16] [10,16] pre
10()(16)
**** ****
[51] [51] pre
51
**** ****
[92] [92] pre
92
**** ****
[46,62,88,4,78,9,73] [4,62,46,88,9,78,73] pre
4(62(46)(88))(9(78)(73))
**** ****
[16,85,59,57,48,30,62] [57,85,16,59,30,48,62] pre
57(85(16)(59))(30(48)(62))
**** ****
[47] [47] pre
47
**** ****
[74,12,49] [12,74,49] pre
12(74)(49)
**** ****
[6] [6] pre
6
**** ****
[40,30,47,84,62,20] [84,30,40,47,20,62] pre
84(30(40)(47))(20(62)())
**** ****
[87] [87] pre
87
**** ****
[11,57,69,95] [69,57,11,95] pre
69(57(11)())(95)
**** ****
[83] [83] pre
83
**** ****
[31] [31] pre
31
**** ****
[38] [38] pre
38
**** ****
[21,12,85] [12,21,85] pre
12(21)(85)
**** ****
[98,29] [29,98] pre
29(98)()
**** ****
[75,37] [75,37] pre
75()(37)
**** ****
[81,87] [81,87] pre
81()(87)
**** ****
[53] [53] pre
53
**** ****
[74,68,60] [68,74,60] pre
68(74)(60)
**** ****
[98,82,78,79,10] [79,82,98,78,10] pre
79(82(98)(78))(10)
**** ****
[34,49,69] [49,34,69] pre
49(34)(69)
**** ****
[7,58,64,5,45,40] [64,7,58,45,5,40] pre
64(7()(58))(45(5)(40))
**** ****
[54,89] [89,54] pre
89(54)()
**** ****
[97] [97] pre
97
**** ****
[4,15,64,39,72,54] [39,15,4,64,72,54] pre
39(15(4)(64))(72()(54))
**** ****
[21,85,62,70,26] [70,85,21,62,26] pre
70(85(21)(62))(26)
**** ****
[75,97] [75,97] pre
75()(97)
**** ****
[37,18,67,7,95,62,49] [7,18,37,67,62,95,49] pre
7(18(37)(67))(62(95)(49))
**** ****
[9,30,28] [30,9,28] pre
30(9)(28)
**** ****
[53] [53] pre
53
**** ****
[56,79,76] [79,56,76] pre
79(56)(76)
**** ****
[31,14,2] [14,31,2] pre
14(31)(2)
**** ****
[49,78] [49,78] pre
49()(78)
**** ****
[13,45] [13,45] pre
13()(45)
**** ****
[57,40,10,30,60,1,54] [30,40,57,10,1,60,54] pre
30(40(57)(10))(1(60)(54))
**** ****
[79,98] [79,98] pre
79()(98)
**** ****
[88] [88] pre
88
**** ****
[36,67] [36,67] pre
36()(67)
**** ****
[91,67,62] [67,91,62] pre
67(91)(62)
**** ****
[61] [61] pre
61
**** ****
[76,37] [37,76] pre
37(76)()
**** ****
[6,84,64,40,13,91,88] [40,84,6,64,91,13,88] pre
40(84(6)(64))(91(13)(88))
**** ****
[62,32,2] [32,62,2] pre
32(62)(2)
**** ****
[52] [52] pre
52
**** ****
[80,15,17,64,77,96] [17,80,15,77,64,96] pre
17(80()(15))(77(64)(96))
**** ****
[86] [86] pre
86
**** ****
[54,46] [54,46] pre
54()(46)
**** ****
[36,60] [36,60] pre
36()(60)
**** ****
[29] [29] pre
29
**** ****
[80] [80] pre
80
**** ****
[53,38,41] [38,53,41] pre
38(53)(41)
**** ****
[86,36,42] [36,86,42] pre
36(86)(42)
**** ****
[26,23,56,64,75,78,29] [64,23,26,56,78,75,29] pre
64(23(26)(56))(78(75)(29))
**** ****
[11] [11] pre
11
**** ****
[80] [80] pre
80
**** ****
[88,17,16,55,89,3] [55,17,88,16,3,89] pre
55(17(88)(16))(3(89)())
**** ****
[60,3,70] [3,60,70] pre
3(60)(70)
**** ****
[71] [71] pre
71
**** ****
[21,85,29] [85,21,29] pre
85(21)(29)
**** ****
[7,96,94] [96,7,94] pre
96(7)(94)
**** ****
[18,21,20,85,50,25] [85,21,18,20,50,25] pre
85(21(18)(20))(50()(25))
**** ****
[91] [91] pre
91
**** ****
[37] [37] pre
37
**** ****
[39,37] [37,39] pre
37(39)()
**** ****
[68,83] [68,83] pre
68()(83)
**** ****
[79,68] [68,79] pre
68(79)()
**** ****
[1] [1] pre
1
**** ****
[64] [64] pre
64
**** ****
[47,65,80] [65,47,80] pre
65(47)(80)
**** ****
[44,14,24,9] [24,44,14,9] pre
24(44()(14))(9)
**** ****
[81,85,6,57,98,64,56] [57,85,81,6,64,98,56] pre
57(85(81)(6))(64(98)(56))
**** ****
[13,61,88,34,98,91,59] [34,61,13,88,91,98,59] pre
34(61(13)(88))(91(98)(59))
**** ****
[4,27,78,95,36] [78,4,27,36,95] pre
78(4()(27))(36(95)())
**** ****
[45,74,8,20,28,77] [20,74,45,8,77,28] pre
20(74(45)(8))(77(28)())
**** ****
[78,25] [25,78] pre
25(78)()
**** ****
[20,47,43] [47,20,43] pre
47(20)(43)
**** ****
[16] [16] pre
16
**** ****
[33,45,79] [45,33,79] pre
45(33)(79)
**** ****
[1,46,74,30,44,98] [30,46,1,74,44,98] pre
30(46(1)(74))(44()(98))
**** ****
[17] [17] pre
17
**** ****
[14,32,11,29,91] [11,32,14,29,91] pre
11(32(14)())(29()(91))
**** ****
[24,84,30,49,41,35] [49,84,24,30,41,35] pre
49(84(24)(30))(41()(35))
**** ****
[30] [30] pre
30
**** ****
[43,42,5,96,1,21,8] [96,42,43,5,21,1,8] pre
96(42(43)(5))(21(1)(8))
**** ****
[85,48] [48,85] pre
48(85)()
**** ****
[79] [79] pre
79
**** ****
[71,87] [71,87] pre
71()(87)
**** ****
[40] [40] pre
40
**** ****
[62,16,33] [16,62,33] pre
16(62)(33)
**** ****
[36] [36] pre
36
**** ****
[41,98,1,74,81,31] [74,98,41,1,31,81] pre
74(98(41)(1))(31(81)())
**** ****
[1,18,32,77,76] [32,18,1,77,76] pre
32(18(1)())(77()(76))
**** ****
[56,98,45,87,79] [45,98,56,87,79] pre
45(98(56)())(87()(79))
**** ****
[51,41,84,94,56,95] [94,41,51,84,56,95] pre
94(41(51)(84))(56()(95))
**** ****
[8,3,6,98,24,57,29] [98,3,8,6,57,24,29] pre
98(3(8)(6))(57(24)(29))
**** ****
[64] [64] pre
64
**** ****
[12] [12] pre
12
**** ****
[66,39] [39,66] pre
39(66)()
**** ****
[81,54,7] [54,81,7] pre
54(81)(7)
**** ****
[1,51,27,42,14] [51,1,42,27,14] pre
51(1)(42(27)(14))
**** ****
[25,74,44,37,78,13,82] [37,74,25,44,13,78,82] pre
37(74(25)(44))(13(78)(82))
**** ****
[91,50,70] [50,91,70] pre
50(91)(70)
**** ****
[78] [78] pre
78
**** ****
[14] [14] pre
14
**** ****
[55,94,97,71,29,9] [97,55,94,29,71,9] pre
97(55()(94))(29(71)(9))
**** ****
[16] [16] pre
16
**** ****
[37,57] [57,37] pre
57(37)()
**** ****
[84] [84] pre
84
**** ****
[32] [32] pre
32
**** ****
[31] [31] pre
31
**** ****
[17,12,45,44,50,28] [45,12,17,50,44,28] pre
45(12(17)())(50(44)(28))
**** ****
[30,79] [79,30] pre
79(30)()
**** ****
[11,78] [11,78] pre
11()(78)
**** ****
[10] [10] pre
10
**** ****
[30] [30] pre
30
**** ****
[9,64,53] [64,9,53] pre
64(9)(53)
**** ****
[51] [51] pre
51
**** ****
[80,67,73] [67,80,73] pre
67(80)(73)
**** ****
[74,15,56,68,26] [15,74,68,56,26] pre
15(74)(68(56)(26))
**** ****
[33,78,16,53,61,62] [16,78,33,61,53,62] pre
16(78(33)())(61(53)(62))
**** ****
[27,6,32,52,52,6,86,87,49,97,25] [6,6,27,52,32,52,49,86,87,97,25] pre
error
**** ****
[60,79,89,55,47,39,13,29,32,33,50,32,92,56,19,59,2,67,21,83,21,42,14,92,88] [19,13,89,60,79,47,55,39,50,32,29,33,92,32,56,83,2,59,67,21,14,21,42,92,88] pre
error
**** ****
[30,36,29,76,37,51,28,76,50,81,36,54,52,80,51,22,3,75,12,85,23,26,41,33,18] [80,28,29,30,36,37,76,51,81,76,50,54,36,52,85,3,22,51,12,75,26,23,33,41,18] pre
error
**** ****
[64,33,53,10,43,5,4,49,31,76,21,14,7,6,67,22,84,47,11,59,63,17,35] [21,43,53,33,64,10,49,4,5,31,76,47,6,14,7,22,67,84,17,59,11,63,35] pre
21(43(53(33(64)())(10))(49(4(5)())(31()(76))))(47(6(14()(7))(22(67)(84)))(17(59(11)(63))(35)))
**** ****
[66,98,85,95,35,1,64,29,22,93,31] [1,85,66,98,95,35,22,64,29,93,31] pre
1(85(66()(98))(95()(35)))(22(64()(29))(93()(31)))
**** ****
[29,85,97,28,92,51,50,52,11,84,90,65,35,66,44,88,5,74,83,63] [90,92,97,29,85,28,52,50,51,84,11,5,35,65,44,66,88,83,74,63] pre
90(92(97(29()(85))(28))(52(50(51)())(84(11)())))(5(35(65)(44(66)(88)))(83(74)(63)))
**** ****
[15,16,73,72,68,3,39,76,80,41,98,81,34,24,92,36,30,2,76,28,62,90,36,66,59] [24,39,73,16,15,68,72,3,98,80,76,41,34,81,28,36,92,2,30,76,36,90,62,66,59] pre
error
**** ****
[48,47,32,57,92,99,71,54,27,74,51,63] [99,32,48,47,57,92,27,71,54,51,74,63] pre
99(32(48()(47))(57()(92)))(27(71()(54))(51(74)(63)))
**** ****
[16,90,12,47,30,14,69,23,97,6,58,36] [69,12,90,16,30,47,14,6,23,97,36,58] pre
69(12(90(16)())(30(47)(14)))(6(23()(97))(36(58)()))
**** ****
[45,95,57,78,26,55,27,49,94,78] [78,95,45,57,49,55,26,27,94,78] pre
error
**** ****
[98,83,67,15,18,74,33,22,98,56] [74,67,98,83,18,15,22,33,98,56] pre
error
**** ****
[35,41,74,77,88,99,82,74,32,80] [99,41,35,77,74,88,32,74,82,80] pre
error
**** ****
[62,23,9,29,12,96,25,30,12,86,82,23,37,42,45,79,1,83,24,85,55,40] [82,96,9,62,23,29,12,12,25,30,86,79,37,23,42,45,24,1,83,55,85,40] pre
error
**** ****
[10,11,27,76,92,2,96,44,84,40,4] [92,27,10,11,76,84,96,2,44,40,4] pre
92(27(10()(11))(76))(84(96(2)(44))(40()(4)))
**** ****
[85,32,20,55,87,46,24,11,82,54,20,7] [46,20,85,32,87,55,54,11,24,82,20,7] pre
error
**** ****
[6,69,9,28,71,91,88,73,46,2] [91,9,69,6,28,71,73,88,2,46] pre
91(9(69(6)())(28()(71)))(73(88)(2(46)()))
**** ****
[75,78,26,68,36,94,1,16,64,86,67] [94,68,78,75,26,36,64,1,16,67,86] pre
94(68(78(75)(26))(36))(64(1()(16))(67(86)()))
**** ****
[98,41,7,5,24,27,65,94,52] [24,41,98,7,5,94,65,27,52] pre
24(41(98)(7()(5)))(94(65(27)())(52))
**** ****
[5,47,27,90,72,52,50,83,7,30,39,36,57,76,22,10,35,17,46,66,6,95,81,13] [57,50,27,47,5,72,90,52,7,83,39,30,36,46,10,22,76,35,17,95,66,6,81,13] pre
57(50(27(47(5)())(72(90)(52)))(7(83)(39(30)(36))))(46(10(22(76)())(35()(17)))(95(66()(6))(81()(13))))
**** ****
[1,86,95,61,96,99,53,99,6,48,77] [99,95,1,86,96,61,6,99,53,48,77] pre
error
**** ****
[84,75,26,69,22,62,98,75,67,94,57,13,21,9,25,85,94,79,37,64,17,35,27] [13,62,26,84,75,22,69,67,75,98,57,94,79,25,9,21,85,94,35,64,37,17,27] pre
error
**** ****
[98,88,98,51,82,9,2,73,54,52,55,59,51,22,83,21,19,29,70,32,20,15,97] [59,82,88,98,98,51,54,2,9,73,52,55,29,21,22,51,83,19,20,70,32,15,97] pre
error
**** ****
[85,25,90,71,82,16,57,90,20,22,28,23,54] [57,90,25,85,82,71,16,22,20,90,23,28,54] pre
error
**** ****
[78,55,80,17,68,74,54,70,40,79,60,1,90,21,10,20,72,76,53,58,75,91,30,29] [1,54,80,78,55,68,17,74,79,40,70,60,76,21,90,20,10,72,75,53,58,30,91,29] pre
1(54(80(78()(55))(68(17)(74)))(79(40(70)())(60)))(76(21(90)(20(10)(72)))(75(53()(58))(30(91)(29))))
**** ****
[41,73,39,77,34,88,28,38,32] [88,77,73,41,39,34,38,28,32] pre
88(77(73(41)(39))(34))(38(28)(32))
**** ****
[52,68,51,45,53,64,63,75,77,81,40,93,36,47,85,58,60,12,33,70,14,42,39,85,79] [36,64,45,68,52,51,53,81,75,63,77,40,93,33,85,47,60,58,12,39,14,70,42,79,85] pre
error
**** ****
[34,99,30,58,44,94,10,72,76,70,73,46,41,14,85,86,59,79,44,88,35,49,60,91,35,60] [14,10,58,99,34,30,94,44,70,72,76,46,73,41,88,59,85,86,79,44,91,49,35,60,60,35] pre
error
**** ****
[41,38,92,17,75,99,3,56,21,35] [75,38,41,92,17,56,99,3,35,21] pre
75(38(41)(92()(17)))(56(99()(3))(35(21)()))
**** ****
[5,52,98,13,13,69,86,65,78,17,16,81,90,59,51,32,72,36,97,13,27,36,16,76,55,43,78] [59,86,13,52,5,98,13,69,17,65,78,81,16,90,27,72,51,32,97,36,13,55,16,36,76,78,43] pre
error
**** ****
[98,94,36,13,51,97,96,12,18,88,6,76,23,14,92,41,86,1,35,17,36,55,56,13,20,67,3,29] [14,96,13,94,98,36,97,51,88,12,18,76,6,23,36,86,92,41,35,1,17,20,56,55,13,3,67,29] pre
error
**** ****
[50,22,10,90,14,44,58,15,23,81,45,38,3,16,20,56,74,35,30,59,10,35,59,98,85,88] [3,58,10,22,50,14,90,44,81,23,15,45,38,59,74,20,16,56,30,35,59,10,35,85,98,88] pre
error
**** ****
[17,93,65,41,19,59,78,9,96,3,24] [19,65,17,93,41,96,78,59,9,3,24] pre
19(65(17()(93))(41))(96(78(59)(9))(3()(24)))
**** ****
[98,39,73,28,81,47,44,84,87,67] [47,28,39,98,73,81,87,44,84,67] pre
47(28(39(98)(73))(81))(87(44()(84))(67))
**** ****
[52,24,7,55,95,94,73,53,42] [94,7,24,52,95,55,53,73,42] pre
94(7(24(52)())(95(55)()))(53(73)(42))
**** ****
[23,50,85,81,36,74,3,95,6,53,49,30,65,68,6,65,26,26,4,56,53,28,7,39,43,20] [65,3,85,50,23,36,81,74,53,95,6,30,49,56,26,6,68,65,4,26,7,28,53,43,39,20] pre
error
**** ****
[6,50,28,30,94,88,5,65,72,69,55] [94,50,6,28,30,65,88,5,69,72,55] pre
94(50(6)(28()(30)))(65(88()(5))(69(72)(55)))
**** ****
[23,15,51,48,76,42,80,7,50,29,68] [76,51,15,23,48,50,80,42,7,29,68] pre
76(51(15(23)())(48))(50(80(42)(7))(29()(68)))
**** ****
[64,68,40,50,10,67,90,6,27,37,25,58,28,42,10,84,67,95,58,54] [37,10,68,64,50,40,6,90,67,27,84,28,58,25,10,42,95,67,54,58] pre
error
**** ****
[38,99,9,66,26,90,51,99,31,41,16,60,2,59,31,61,36,79,76,68,15,28,85] [2,51,66,99,38,9,90,26,41,99,31,16,60,36,31,59,61,15,76,79,68,28,85] pre
error
**** ****
[85,66,75,8,93,88,49,89,96,55,5,82,38] [49,8,66,85,75,93,88,55,96,89,82,5,38] pre
49(8(66(85)(75))(93()(88)))(55(96(89)())(82(5)(38)))
**** ****
[75,18,10,1,41,48,45,8,58,67,89,72,39,24] [45,10,18,75,41,1,48,89,58,8,67,39,72,24] pre
45(10(18(75)())(41(1)(48)))(89(58(8)(67))(39(72)(24)))
**** ****
[39,18,76,13,10,43,17,49,2,60,7,99] [43,76,18,39,13,10,2,17,49,7,60,99] pre
43(76(18(39)())(13()(10)))(2(17()(49))(7(60)(99)))
**** ****
[79,69,90,75,73,38,56,11,52,10,25,3,85] [11,75,69,79,90,38,73,56,25,10,52,85,3] pre
11(75(69(79)(90))(38(73)(56)))(25(10(52)())(85(3)()))
**** ****
[70,42,85,83,25,29,55,10,84,6,66] [29,85,42,70,25,83,84,55,10,6,66] pre
29(85(42(70)())(25(83)()))(84(55()(10))(6()(66)))
**** ****
[58,59,3,76,14,8,60,56,31,98,86,69,78,11,33,90,91,50,41,71,23,19,33,8] [11,56,76,59,58,3,8,14,60,98,31,69,86,78,41,91,33,90,50,23,71,33,19,8] pre
error
**** ****
[65,87,86,4,71,10,44,62,33,87,15,74,79,98,46,58,76,51,1,49,55] [87,71,86,87,65,4,62,10,44,33,76,79,15,74,46,98,58,1,51,49,55] pre
error
**** ****
[49,30,93,75,3,84,52,9,86,56,46,79,26,92,80,61,27,85,26,77,94,24,72,83] [26,84,30,49,75,93,3,86,52,9,46,56,79,26,61,92,80,85,27,24,77,94,83,72] pre
error
**** ****
[92,58,89,52,46,88,71,8,85,16] [71,89,92,58,46,52,88,85,8,16] pre
71(89(92()(58))(46(52)(88)))(85(8)(16))
**** ****
[88,17,39,24,51,18,17,4,90,53,66,59,92,86,4,29,73,57,58,15,62,98,51,4,89,32] [86,17,24,17,88,39,51,18,66,90,4,53,59,92,62,57,29,4,73,58,15,51,98,89,4,32] pre
error
**** ****
[12,73,53,96,40,36,59,12,74,17,74] [36,53,73,12,40,96,17,12,59,74,74] pre
error
**** ****
[36,93,55,9,73,82,26,78,93,69,47,6] [26,55,93,36,73,9,82,47,93,78,69,6] pre
error
**** ****
[31,4,89,69,3,60,41,51,46,13,16,36] [41,89,31,4,3,69,60,46,51,16,13,36] pre
41(89(31()(4))(3(69)(60)))(46(51)(16(13)(36)))
**** ****
[91,64,47,6,71,82,83,83,11,59,40,91,84,26,75,66,56,33,21,57,64,95] [40,71,64,91,47,6,83,83,82,59,11,66,84,91,26,75,21,56,33,64,57,95] pre
error
**** ****
[93,56,73,80,62,65,78,23,14,7,6,58,99,19,21,69,74,24,97,27,70,94,55,75] [19,23,80,56,93,73,65,62,78,6,7,14,58,99,27,74,69,21,97,24,55,70,94,75] pre
19(23(80(56(93)(73))(65(62)(78)))(6(7(14)())(58()(99))))(27(74(69(21)())(97(24)()))(55(70()(94))(75)))
**** ****
[29,13,88,83,85,62,7,14,92,40,68,5] [62,88,29,13,83,85,92,14,7,68,40,5] pre
62(88(29()(13))(83()(85)))(92(14(7)())(68(40)(5)))
**** ****
[31,60,32,87,19,75,57,62,14,60,84,31,57,39,91,63,57,92,41,24,34,11,77,7] [39,57,87,60,31,32,19,75,60,14,62,31,84,57,24,57,63,91,92,41,77,34,11,7] pre
error
**** ****
[12,40,3,29,1,36,51,61,48,26,49,61,44,67,96,75,19,60,92,55,32,2] [26,36,3,12,40,29,1,61,51,48,96,44,61,49,67,92,19,75,60,32,55,2] pre
error
**** ****
[15,38,51,94,40,1,47,67,94,50,40,73,23,33,87,68,93,52,18,89,44,75,99] [23,67,94,38,15,51,1,40,47,50,94,73,40,18,68,33,87,93,52,75,44,89,99] pre
error
**** ****
[13,50,68,58,96,90,93,89,67,32,93,25,37,3,19,51,33,57,8,79,27,10,19,57,66,30] [25,90,68,50,13,58,96,67,89,93,93,32,8,51,3,37,19,33,57,19,27,79,10,66,57,30] pre
error
**** ****
[46,73,95,12,95,63,54,42,11,76,38,29,81,9,86,52,91,98,28,85,57] [76,95,73,46,12,95,42,54,63,11,91,81,38,29,86,9,52,28,98,85,57] pre
error
**** ****
[42,12,81,10,70,87,90,89,58,89,80,17] [89,10,12,42,81,87,70,90,89,58,17,80] pre
error
**** ****
[38,47,26,90,74,67,26,40,51,24] [67,26,47,38,90,74,40,26,24,51] pre
error
**** ****
[53,52,41,85,56,26,59,1,31,3,72,45,82,19,80,43,43,36,51,10,71,91] [45,59,85,52,53,41,26,56,31,1,72,3,36,19,82,43,80,43,10,51,71,91] pre
error
**** ****
[57,83,17,39,28,62,4,94,59,33,2,83,56,95,54,38,62,26,69,52,79,21,62] [56,4,39,83,57,17,28,62,33,94,59,2,83,26,54,95,62,38,79,52,69,62,21] pre
error
**** ****
[83,64,61,84,58,49,46,44,85,5,5,52,59,13,13,91,5,96,7,52,32,20,94,53,34] [59,58,61,64,83,84,85,46,49,44,5,5,52,7,91,13,13,5,96,20,32,52,53,94,34] pre
error
**** ****
[63,18,6,39,29,87,49,56,71,13,66,73,73,12,57,69,10,20,83,9,48,75] [66,39,18,63,6,49,87,29,71,56,13,10,73,73,57,12,69,9,20,83,48,75] pre
error
**** ****
[48,2,92,76,24,11,34,14,71,72,96,81,20,71,93,67,99,37,88,67,40] [71,76,2,48,92,34,24,11,14,93,81,96,72,20,71,88,99,67,37,40,67] pre
error
**** ****
[64,55,90,57,32,29,47,13,30,78,87,92] [32,90,64,55,57,30,47,29,13,87,78,92] pre
32(90(64()(55))(57))(30(47(29)(13))(87(78)(92)))
**** ****
[96,59,62,33,49,61,47,47,50,43,78,12] [47,62,96,59,49,33,61,43,47,50,78,12] pre
error
**** ****
[37,76,23,21,82,18,73,37,15,13,36] [73,21,76,37,23,18,82,13,37,15,36] pre
error
**** ****
[1,88,21,94,32,84,95,76,93,61,74,22] [84,21,88,1,94,32,93,76,95,74,61,22] pre
84(21(88(1)())(94()(32)))(93(76(95)())(74(61)(22)))
**** ****
[7,93,52,29,92,95,4,87,17,90] [92,93,7,52,29,4,95,17,87,90] pre
92(93(7)(52()(29)))(4(95)(17(87)(90)))
**** ****
[47,94,49,30,17,77,34,99,73] [77,30,94,47,49,17,99,34,73] pre
77(30(94(47)(49))(17))(99(34)(73))
**** ****
[9,37,19,63,81,95,3,96,6,83,6,6,48,67,32,47,73,4,85,54] [6,81,37,9,19,63,96,95,3,83,6,32,48,6,67,4,73,47,54,85] pre
error
**** ****
[89,68,68,93,87,91,45,76,8,65,5,34,89,9,5,20,94,94,74,76] [65,87,68,89,68,93,45,91,8,76,94,9,34,5,89,5,20,74,94,76] pre
error
**** ****
[60,3,51,99,59,98,99,60,34,69,85,65,84,34,45,45,65,43,76,99,41,73,68,56] [84,99,99,3,60,51,59,98,69,60,34,85,65,65,45,34,45,41,76,43,99,68,73,56] pre
error
**** ****
[90,65,18,98,95,69,8,72,70,65] [95,18,90,65,98,70,8,69,72,65] pre
error
**** ****
[54,64,6,93,28,52,4,13,20,60,81,77,29,80,89,83,44,89,80,26] [81,4,6,64,54,28,93,52,20,13,60,83,80,77,29,89,89,44,80,26] pre
error
**** ****
[93,10,46,64,65,24,7,48,15,79,34,36,24,98,4,67,25,60,16,82,75,98] [34,65,46,10,93,64,48,24,7,79,15,67,24,36,4,98,82,60,25,16,75,98] pre
error
**** ****
[42,31,91,32,65,79,68,67,2,59,95,21,94,62,74,22,33,35,16,53,47,57,77] [95,65,31,42,91,32,67,68,79,59,2,33,62,94,21,74,22,47,16,35,53,57,77] pre
95(65(31(42)(91()(32)))(67(68(79)())(59(2)())))(33(62(94(21)())(74()(22)))(47(16(35)(53))(57()(77))))
**** ****
[99,4,73,72,8,58,24,33,34,86,62,75,96,55,67,71,85,14,13,29,81,95] [55,24,72,4,99,73,8,58,86,33,34,75,62,96,14,71,67,85,29,13,81,95] pre
55(24(72(4(99)(73))(8()(58)))(86(33()(34))(75(62)(96))))(14(71(67)(85))(29(13)(81()(95))))
**** ****
[96,97,52,81,8,99,36,75,38,46,4,35,84,64,82,55,81,73,78,63,55,70,46,70,84] [84,99,52,97,96,8,81,46,75,36,38,35,4,63,81,82,64,55,78,73,46,70,55,70,84] pre
error
**** ****
[30,52,3,25,63,95,20,12,49,92,67,96,15,2,35,16,28,41,55,36,76,45,3,40] [96,95,3,30,52,25,63,92,12,20,49,67,55,35,2,15,28,16,41,76,36,3,45,40] pre
error
**** ****
[19,87,15,73,76,58,40,62,25,86,30,95] [62,73,87,19,15,58,76,40,30,86,25,95] pre
62(73(87(19)(15))(58(76)(40)))(30(86(25)())(95))
**** ****
[62,94,59,59,70,74,32,42,49] [70,94,62,59,59,42,32,74,49] pre
error
**** ****
[91,39,90,86,19,53,95,51,65,6,30,70] [53,90,91,39,86,19,65,51,95,30,6,70] pre
53(90(91()(39))(86()(19)))(65(51(95)())(30(6)(70)))
**** ****
[23,12,43,85,74,70,54,7,6,90,66,27,79,82] [54,85,12,23,43,70,74,66,6,7,90,79,27,82] pre
54(85(12(23)(43))(70(74)()))(66(6(7)(90))(79(27)(82)))
**** ****
[15,57,31,91,2,79,56,44,97,19,76,14,26,3,72] [44,91,57,15,31,79,2,56,14,19,97,76,3,26,72] pre
44(91(57(15)(31))(79(2)(56)))(14(19(97)(76))(3(26)(72)))
**** ****
[27,85,24,20,36,84,88,1,93,25,8,87,70,74,43,60,90,96,57,91,68,41,97,63,30,80,44,29] [74,88,24,85,27,36,20,84,8,93,1,25,70,87,68,96,60,43,90,57,91,30,97,41,63,44,80,29] pre
74(88(24(85(27)())(36(20)(84)))(8(93(1)(25))(70(87)())))(68(96(60(43)(90))(57()(91)))(30(97(41)(63))(44(80)(29))))
**** ****
[64,72,54,46,84,63,14,97,71,96,49,44,33,38] [14,46,72,64,54,63,84,49,71,97,96,33,44,38] pre
14(46(72(64)(54))(63(84)()))(49(71(97)(96))(33(44)(38)))
**** ****
[68,36,89,94,48,62,83,85,59,47,1,44,56] [85,94,36,68,89,62,48,83,44,47,59,1,56] pre
85(94(36(68)(89))(62(48)(83)))(44(47(59)(1))(56))
**** ****
[36,52,34,72,84,2,61,6,39,59,32,88,37] [6,72,52,36,34,2,84,61,32,39,59,37,88] pre
6(72(52(36)(34))(2(84)(61)))(32(39()(59))(37(88)()))
**** ****
[10,28,67,94,15,51,59,35,36,25,32,38,12,44,81,95,48,30,34,71,76,4,92,7,60,77,75,27,93,78] [81,59,94,28,10,67,15,51,32,36,35,25,12,38,44,92,34,48,95,30,76,71,4,75,60,7,77,93,27,78] pre
81(59(94(28(10)(67))(15()(51)))(32(36(35)(25))(12(38)(44))))(92(34(48(95)(30))(76(71)(4)))(75(60(7)(77))(93(27)(78))))
**** ****
[49,2,74,24,84,12,62,98,81,26,4,19,71,1,56,51,64,47,15,58,9,16,66,86,73,40,10,17,6] [1,62,24,2,49,74,84,12,4,81,98,26,71,19,16,47,51,56,64,58,15,9,40,86,66,73,17,10,6] pre
1(62(24(2(49)(74))(84()(12)))(4(81(98)(26))(71(19)())))(16(47(51(56)(64))(58(15)(9)))(40(86(66)(73))(17(10)(6))))
**** ****
[90,83,48,97,55,78,76,24,36,47,89,59,84,41,21] [24,97,83,90,48,78,55,76,59,47,36,89,41,84,21] pre
24(97(83(90)(48))(78(55)(76)))(59(47(36)(89))(41(84)(21)))
**** ****
[15,94,91,72,93,68,13,40,76,8,11,12,64,78,81,89,32,83,21,31,3,95,51,58,90,38,39,53,73,61] [81,40,72,94,15,91,68,93,13,12,8,76,11,64,78,51,21,32,89,83,3,31,95,39,90,58,38,73,53,61] pre
81(40(72(94(15)(91))(68(93)(13)))(12(8(76)(11))(64()(78))))(51(21(32(89)(83))(3(31)(95)))(39(90(58)(38))(73(53)(61))))
**** ****
[16,6,21,28,89,43,32,17,53,1,8,44,91,76] [32,21,6,16,89,28,43,8,53,17,1,91,44,76] pre
32(21(6(16)())(89(28)(43)))(8(53(17)(1))(91(44)(76)))
**** ****
[7,66,89,54,71,21,18,51,20,48,36,98,53,61] [18,54,66,7,89,71,21,36,20,51,48,53,98,61] pre
18(54(66(7)(89))(71()(21)))(36(20(51)(48))(53(98)(61)))
**** ****
[67,8,52,59,53,96,27,98,36,35,48,57,46] [27,59,8,67,52,96,53,35,98,36,57,48,46] pre
27(59(8(67)(52))(96(53)()))(35(98()(36))(57(48)(46)))
**** ****
[66,78,75,23,65,16,21,56,84,87,81,73,12,13,17,19,40,47,58,37,86,92,32,9,52,18,88,28,72,14,34] [19,56,23,78,66,75,16,65,21,73,87,84,81,13,12,17,9,37,47,40,58,92,86,32,28,18,52,88,14,72,34] pre
19(56(23(78(66)(75))(16(65)(21)))(73(87(84)(81))(13(12)(17))))(9(37(47(40)(58))(92(86)(32)))(28(18(52)(88))(14(72)(34))))
**** ****
[75,77,26,29,65,38,20,16,71,11,79,72,9,67,14,56,1,96,76,50,89,5,97,46,4,63,60,3] [14,16,29,77,75,26,38,65,20,72,11,71,79,67,9,89,96,56,1,50,76,4,97,5,46,60,63,3] pre
14(16(29(77(75)(26))(38(65)(20)))(72(11(71)(79))(67(9)())))(89(96(56()(1))(50(76)()))(4(97(5)(46))(60(63)(3))))
**** ****
[58,21,87,2,48,49,92,94,5,56,37,84,76,90] [94,2,21,58,87,49,48,92,84,56,5,37,76,90] pre
94(2(21(58)(87))(49(48)(92)))(84(56(5)(37))(76()(90)))
**** ****
[9,32,79,38,80,25,85,4,67,78,30,8,27] [85,38,32,9,79,25,80,30,67,4,78,27,8] pre
85(38(32(9)(79))(25(80)()))(30(67(4)(78))(27(8)()))
**** ****
[54,37,57,11,64,66,48,17,25,26,84,27,7,81,97] [17,11,37,54,57,66,64,48,27,26,25,84,81,7,97] pre
17(11(37(54)(57))(66(64)(48)))(27(26(25)(84))(81(7)(97)))
**** ****
[10,58,17,54,4,7,80,68,33,92,35,98,25,81,88] [68,54,58,10,17,7,4,80,98,92,33,35,81,25,88] pre
68(54(58(10)(17))(7(4)(80)))(98(92(33)(35))(81(25)(88)))
**** ****
[98,53,56,67,44,37,65,25,97,43,17,92,22,75,38] [25,67,53,98,56,37,44,65,92,43,97,17,75,22,38] pre
25(67(53(98)(56))(37(44)(65)))(92(43(97)(17))(75(22)(38)))
**** ****
[73,96,87,76,86,97,6,42,23,69,2,25,19,43,52,45,35,85,1,47,18,12,89,8,46,72,48,36,90,58,28] [45,42,76,96,73,87,97,86,6,25,69,23,2,43,19,52,8,47,85,35,1,12,18,89,36,72,46,48,58,90,28] pre
45(42(76(96(73)(87))(97(86)(6)))(25(69(23)(2))(43(19)(52))))(8(47(85(35)(1))(12(18)(89)))(36(72(46)(48))(58(90)(28))))
**** ****
[35,43,69,93,24,21,83,34,84,46,8,12,56,5,44,86,79,25,97,77,89,23,16,45,31,27,62,13,9,26,72] [86,34,93,43,35,69,21,24,83,12,46,84,8,5,56,44,45,77,25,79,97,23,89,16,13,27,31,62,26,9,72] pre
86(34(93(43(35)(69))(21(24)(83)))(12(46(84)(8))(5(56)(44))))(45(77(25(79)(97))(23(89)(16)))(13(27(31)(62))(26(9)(72))))
**** ****
[16,85,14,3,65,90,12,21,73,44,29,39,98,54,92] [21,3,85,16,14,90,65,12,39,44,73,29,54,98,92] pre
21(3(85(16)(14))(90(65)(12)))(39(44(73)(29))(54(98)(92)))
**** ****
[59,41,80,77,2,45,79,85,38,98,43,94,22,90,64,4,93,8,68,15,92,78,65,26,47,73,53,10,33,67] [64,79,77,41,59,80,2,45,43,38,85,98,22,94,90,65,68,93,4,8,92,15,78,53,47,26,73,33,10,67] pre
64(79(77(41(59)(80))(2()(45)))(43(38(85)(98))(22(94)(90))))(65(68(93(4)(8))(92(15)(78)))(53(47(26)(73))(33(10)(67))))
**** ****
[47,97,9,81,35,94,6,87,75,79,96,33,10,38] [87,81,97,47,9,94,35,6,96,79,75,10,33,38] pre
87(81(97(47)(9))(94(35)(6)))(96(79(75)())(10(33)(38)))
**** ****
[67,98,81,55,18,40,28,33,1,60,21,48,43,32,3] [33,55,98,67,81,40,18,28,48,60,1,21,32,43,3] pre
33(55(98(67)(81))(40(18)(28)))(48(60(1)(21))(32(43)(3)))
**** ****
[36,78,73,39,53,55,3,50,86,70,21,61,30,43] [50,39,78,36,73,55,53,3,21,86,70,30,61,43] pre
50(39(78(36)(73))(55(53)(3)))(21(86()(70))(30(61)(43)))
**** ****
[14,9,83,82,67,23,1,35,73,39,77,70,86,32,61] [35,82,9,14,83,23,67,1,70,39,73,77,32,86,61] pre
35(82(9(14)(83))(23(67)(1)))(70(39(73)(77))(32(86)(61)))
**** ****
[27,52,57,30,21,96,5,63,59,17,79,22,8,60] [63,30,52,27,57,96,21,5,22,17,59,79,8,60] pre
63(30(52(27)(57))(96(21)(5)))(22(17(59)(79))(8()(60)))
**** ****
[92,90,72,6,11,81,25,78,50,8,80,73,38,27] [25,72,90,92,11,6,81,80,50,78,8,38,73,27] pre
25(72(90(92)())(11(6)(81)))(80(50(78)(8))(38(73)(27)))
**** ****
[57,92,5,38,79,31,46,69,54,77,58,95,65,1,13] [69,38,92,57,5,31,79,46,95,77,54,58,1,65,13] pre
69(38(92(57)(5))(31(79)(46)))(95(77(54)(58))(1(65)(13)))
**** ****
[53,65,63,90,10,60,98,85,86,68,48,71,79,22] [85,90,65,53,63,60,10,98,48,86,68,79,71,22] pre
85(90(65(53)(63))(60(10)(98)))(48(86()(68))(79(71)(22)))
**** ****
[51,9,42,21,96,81,77,70,49,93,10,38,98,59,89] [70,21,9,51,42,81,96,77,38,93,49,10,59,98,89] pre
70(21(9(51)(42))(81(96)(77)))(38(93(49)(10))(59(98)(89)))
**** ****
[79,30,72,88,25,70,52,15,87,54,33,12,21,96,75] [15,88,30,79,72,70,25,52,12,54,87,33,96,21,75] pre
15(88(30(79)(72))(70(25)(52)))(12(54(87)(33))(96(21)(75)))
**** ****
[25,45,61,2,15,96,89,9,91,65,52,17,33,6,70] [9,2,45,25,61,96,15,89,17,65,91,52,6,33,70] pre
9(2(45(25)(61))(96(15)(89)))(17(65(91)(52))(6(33)(70)))
**** ****
[89,9,52,35,88,97,19,32,65,31,8,54,60,95,83] [32,35,9,89,52,97,88,19,54,31,65,8,95,60,83] pre
32(35(9(89)(52))(97(88)(19)))(54(31(65)(8))(95(60)(83)))
**** ****
[71,92,20,52,87,33,9,26,54,84,19,85,47,13,53,14,3,41,76,60,69,97,28,63,36,32,91,81,80,83] [14,26,52,92,71,20,33,87,9,85,84,54,19,13,47,53,28,60,41,3,76,69,97,91,36,63,32,80,81,83] pre
14(26(52(92(71)(20))(33(87)(9)))(85(84(54)(19))(13(47)(53))))(28(60(41(3)(76))(69()(97)))(91(36(63)(32))(80(81)(83))))
**** ****
[10,41,97,56,76,21,63,9,48,26,73,2,68,89,70,12,44,47,72,38,81,49,4,94,34,87,50,59,55,5] [12,9,56,41,10,97,21,76,63,2,26,48,73,89,68,70,94,38,47,44,72,49,81,4,59,87,34,50,55,5] pre
12(9(56(41(10)(97))(21(76)(63)))(2(26(48)(73))(89(68)(70))))(94(38(47(44)(72))(49(81)(4)))(59(87(34)(50))(55()(5))))
**** ****
[46,38,48,53,40,42,89,56,30,6,21,20,18,32,68,62,98,41,25,23,36,57,88,12,58,72,75,9,4,91,92] [62,56,53,38,46,48,42,40,89,20,6,30,21,32,18,68,12,23,41,98,25,57,36,88,9,72,58,75,91,4,92] pre
62(56(53(38(46)(48))(42(40)(89)))(20(6(30)(21))(32(18)(68))))(12(23(41(98)(25))(57(36)(88)))(9(72(58)(75))(91(4)(92))))
**** ****
[3,54,78,82,5,8,65,42,21,79,15,38,37,35,31,32,14,44,61,7,22,26,81,64,86,88,27,36,70,11,96] [32,42,82,54,3,78,8,5,65,38,79,21,15,35,37,31,64,7,44,14,61,26,22,81,36,88,86,27,11,70,96] pre
32(42(82(54(3)(78))(8(5)(65)))(38(79(21)(15))(35(37)(31))))(64(7(44(14)(61))(26(22)(81)))(36(88(86)(27))(11(70)(96))))
**** ****
[15,50,83,36,32,3,43,77,66,73,16,31,9,90,41] [77,36,50,15,83,3,32,43,31,73,66,16,90,9,41] pre
77(36(50(15)(83))(3(32)(43)))(31(73(66)(16))(90(9)(41)))
**** ****
[59,55,40,32,84,88,27,36,57,44,82,71,4,74,33] [36,32,55,59,40,88,84,27,71,44,57,82,74,4,33] pre
36(32(55(59)(40))(88(84)(27)))(71(44(57)(82))(74(4)(33)))
**** ****
[35,43,47,72,80,52,32,97,92,12,42,51,11,15] [32,47,43,35,80,72,52,42,92,97,12,11,51,15] pre
32(47(43(35)())(80(72)(52)))(42(92(97)(12))(11(51)(15)))
**** ****
[34,2,43,9,62,92,59,26,87,79,68,20,23,96,88] [26,9,2,34,43,92,62,59,20,79,87,68,96,23,88] pre
26(9(2(34)(43))(92(62)(59)))(20(79(87)(68))(96(23)(88)))
**** ****
[34,18,28,65,7,75,62,16,66,27,45,20,17,30,86,67,12,96,61,49,14,53,51,38,74,95,8,72,11,32,52] [67,16,65,18,34,28,75,7,62,20,27,66,45,30,17,86,38,49,96,12,61,53,14,51,72,95,74,8,32,11,52] pre
67(16(65(18(34)(28))(75(7)(62)))(20(27(66)(45))(30(17)(86))))(38(49(96(12)(61))(53(14)(51)))(72(95(74)(8))(32(11)(52))))
**** ****
[25,47,31,34,81,39,45,63,38,21,29,1,66,55] [63,34,47,25,31,39,81,45,29,21,38,66,1,55] pre
63(34(47(25)(31))(39(81)(45)))(29(21(38)())(66(1)(55)))
**** ****
[94,87,69,23,36,56,46,60,81,18,5,1,35,21,89] [60,23,87,94,69,56,36,46,1,18,81,5,21,35,89] pre
60(23(87(94)(69))(56(36)(46)))(1(18(81)(5))(21(35)(89)))
**** ****
[92,33,68,84,81,78,29,14,26,77,94,3,54,40,16,32,79,19,86,42,30,23,49,7,66,6,31,56,15] [32,14,84,33,92,68,78,81,29,3,77,26,94,40,54,16,49,42,19,79,86,30,23,31,66,7,6,15,56] pre
32(14(84(33(92)(68))(78(81)(29)))(3(77(26)(94))(40(54)(16))))(49(42(19(79)(86))(30()(23)))(31(66(7)(6))(15(56)())))
**** ****
[71,97,41,24,88,43,79,1,74,21,39,92,80,98,13] [1,24,97,71,41,43,88,79,92,21,74,39,98,80,13] pre
1(24(97(71)(41))(43(88)(79)))(92(21(74)(39))(98(80)(13)))
**** ****
[69,98,80,33,83,45,60,37,94,6,43,22,76,10] [37,33,98,69,80,45,83,60,22,6,94,43,76,10] pre
37(33(98(69)(80))(45(83)(60)))(22(6(94)(43))(76()(10)))
**** ****
[31,34,2,67,27,57,54,66,9,52,10,28,84,62,8] [66,67,34,31,2,57,27,54,28,52,9,10,62,84,8] pre
66(67(34(31)(2))(57(27)(54)))(28(52(9)(10))(62(84)(8)))
**** ****
[51,35,24,87,31,15,8,5,69,89,36,98,66,33,26,67,12,45,93,72,79,61,46,7,41,1,4,38,56,76] [26,8,87,35,51,24,15,31,36,69,5,89,66,98,33,46,93,12,67,45,79,72,61,4,41,7,1,56,38,76] pre
26(8(87(35(51)(24))(15(31)()))(36(69(5)(89))(66(98)(33))))(46(93(12(67)(45))(79(72)(61)))(4(41(7)(1))(56(38)(76))))
**** ****
[30,34,17,52,35,60,69,47,18,94,3,81,72,93,28] [47,52,34,30,17,60,35,69,81,94,18,3,93,72,28] pre
47(52(34(30)(17))(60(35)(69)))(81(94(18)(3))(93(72)(28)))
**** ****
[51,46,69,87,38,13,29,43,83,36,75,6,15,54,31] [43,87,46,51,69,13,38,29,6,36,83,75,54,15,31] pre
43(87(46(51)(69))(13(38)(29)))(6(36(83)(75))(54(15)(31)))
**** ****
[22,19,67,32,68,58,91,80,81,48,3,7,44,16] [91,67,19,22,68,32,58,3,81,80,48,44,7,16] pre
91(67(19(22)())(68(32)(58)))(3(81(80)(48))(44(7)(16)))
**** ****
[19,28,94,57,35,90,36,51,66,41,48,59,38,47,16] [51,57,28,19,94,90,35,36,59,41,66,48,47,38,16] pre
51(57(28(19)(94))(90(35)(36)))(59(41(66)(48))(47(38)(16)))
**** ****
[78,54,86,73,50,24,87,11,3,10,17,97,26] [87,73,54,78,86,50,24,17,3,11,10,26,97] pre
87(73(54(78)(86))(50()(24)))(17(3(11)(10))(26(97)()))
**** ****
[6,12,67,85,21,32,82,38,62,60,30,50,19,97,28,94,61,84,76,98,27,16,53,26,74,1,52,87,20] [28,38,85,12,6,67,32,21,82,30,60,62,19,50,97,16,76,61,94,84,27,98,1,26,53,74,87,52,20] pre
28(38(85(12(6)(67))(32(21)(82)))(30(60(62)())(19(50)(97))))(16(76(61(94)(84))(27(98)()))(1(26(53)(74))(87(52)(20))))
**** ****
[19,75,70,97,11,14,9,84,45,61,74,25,91,98,35,64,93,48,47,55,92,7,81,96,76,52,66,17,34,29] [35,84,97,75,19,70,14,11,9,25,61,45,74,98,91,81,47,93,64,48,92,55,7,66,76,96,52,34,17,29] pre
35(84(97(75(19)(70))(14(11)(9)))(25(61(45)(74))(98(91)())))(81(47(93(64)(48))(92(55)(7)))(66(76(96)(52))(34(17)(29))))
**** ****
[84,18,27,49,36,93,80,21,22,65,66,23,92,71,52,63,7,33,8,40,64,42,55,77,13,3,29,35,96,60,54] [63,21,49,18,84,27,93,36,80,23,65,22,66,71,92,52,77,40,33,7,8,42,64,55,35,3,13,29,60,96,54] pre
63(21(49(18(84)(27))(93(36)(80)))(23(65(22)(66))(71(92)(52))))(77(40(33(7)(8))(42(64)(55)))(35(3(13)(29))(60(96)(54))))
**** ****
[49,12,24,19,79,88,8,27,97,94,96,56,9,37,70] [27,19,12,49,24,88,79,8,56,94,97,96,37,9,70] pre
27(19(12(49)(24))(88(79)(8)))(56(94(97)(96))(37(9)(70)))
**** ****
[3,89,88,48,71,77,46,61,27,75,35,60,14,38] [61,48,89,3,88,77,71,46,35,75,27,14,60,38] pre
61(48(89(3)(88))(77(71)(46)))(35(75(27)())(14(60)(38)))
**** ****
[21,48,88,34,27,31,70,90,4,40,32,52,58,39,3,69,89,61,15,46,75,26,50,36,2,85,79,37,45,57,20] [69,90,34,48,21,88,31,27,70,52,40,4,32,39,58,3,36,46,61,89,15,26,75,50,37,85,2,79,57,45,20] pre
69(90(34(48(21)(88))(31(27)(70)))(52(40(4)(32))(39(58)(3))))(36(46(61(89)(15))(26(75)(50)))(37(85(2)(79))(57(45)(20))))
**** ****
[86,89,82,23,3,58,77,76,32,30,64,36,68,16,6,19,52,94,13,97,37,9,47,71,14,55,18,46,11] [19,76,23,89,86,82,58,3,77,36,30,32,64,16,68,6,47,97,94,52,13,37,9,18,14,71,55,46,11] pre
19(76(23(89(86)(82))(58(3)(77)))(36(30(32)(64))(16(68)(6))))(47(97(94(52)(13))(37()(9)))(18(14(71)(55))(46()(11))))
**** ****
[27,80,22,76,46,37,12,41,20,70,23,33,97,77,91] [41,76,80,27,22,37,46,12,33,70,20,23,77,97,91] pre
41(76(80(27)(22))(37(46)(12)))(33(70(20)(23))(77(97)(91)))
**** ****
[25,11,38,45,13,49,79,58,46,26,59,2,82,67,31,86,7,17,76,96,92,19,97,94,57,72,91,84,68,35] [31,58,45,11,25,38,49,13,79,2,26,46,59,82,67,97,76,7,86,17,92,96,19,91,57,94,72,68,84,35] pre
31(58(45(11(25)(38))(49(13)(79)))(2(26(46)(59))(82()(67))))(97(76(7(86)(17))(92(96)(19)))(91(57(94)(72))(68(84)(35))))
**** ****
[66,8,63,22,58,2,95,5,70,97,31,53,82,54,49] [5,22,8,66,63,2,58,95,53,97,70,31,54,82,49] pre
5(22(8(66)(63))(2(58)(95)))(53(97(70)(31))(54(82)(49)))
**** ****
[7,18,96,35,13,43,68,31,40,2,51,70,25,92,74] [31,35,18,7,96,43,13,68,70,2,40,51,92,25,74] pre
31(35(18(7)(96))(43(13)(68)))(70(2(40)(51))(92(25)(74)))
**** ****
[30,55,46,10,59,36,6,24,28,72,3,8,26,32,27] [24,10,55,30,46,36,59,6,8,72,28,3,32,26,27] pre
24(10(55(30)(46))(36(59)(6)))(8(72(28)(3))(32(26)(27)))
**** ****
[2,16,21,68,30,13,62,70,28,41,4,50,46,44,24] [70,68,16,2,21,13,30,62,50,41,28,4,44,46,24] pre
70(68(16(2)(21))(13(30)(62)))(50(41(28)(4))(44(46)(24)))
**** ****
[41,10,59,67,83,3,45,27,20,22,31,15,65,52,71,48,14,37,89,73,58,62,28,13,40,93,70,81,60,80] [71,45,67,10,41,59,83,3,31,20,27,22,65,15,52,28,89,14,48,37,58,73,62,70,40,13,93,60,81,80] pre
71(45(67(10(41)(59))(83()(3)))(31(20(27)(22))(65(15)(52))))(28(89(14(48)(37))(58(73)(62)))(70(40(13)(93))(60(81)(80))))
**** ****
[56,81,12,90,79,71,16,69,46,70,98,63,39,26] [16,90,81,56,12,79,71,98,46,69,70,39,63,26] pre
16(90(81(56)(12))(79()(71)))(98(46(69)(70))(39(63)(26)))
**** ****
[69,80,92,2,50,58,77,4,1,42,15,38,72,62,3,13,98,96,33,75,73,89,10,63,95,19,16,88,29,57,37] [13,4,2,80,69,92,58,50,77,38,42,1,15,62,72,3,63,75,96,98,33,89,73,10,88,19,95,16,57,29,37] pre
13(4(2(80(69)(92))(58(50)(77)))(38(42(1)(15))(62(72)(3))))(63(75(96(98)(33))(89(73)(10)))(88(19(95)(16))(57(29)(37))))
**** ****
[63,52,42,10,73,62,15,49,43,91,86,97,32,79,13,65,45,83,30,77,22,3,59,74,75,25,37,87,58,66] [65,49,10,52,63,42,62,73,15,97,91,43,86,79,32,13,74,77,83,45,30,3,22,59,37,25,75,58,87,66] pre
65(49(10(52(63)(42))(62(73)(15)))(97(91(43)(86))(79(32)(13))))(74(77(83(45)(30))(3(22)(59)))(37(25(75)())(58(87)(66))))
**** ****
[43,8,61,65,77,31,51,30,97,12,44,68,4,39,71] [30,65,8,43,61,31,77,51,68,12,97,44,39,4,71] pre
30(65(8(43)(61))(31(77)(51)))(68(12(97)(44))(39(4)(71)))
**** ****
[90,70,74,18,28,98,21,67,84,48,19,63,6,51,50,56,30,94,60,54,41,58,38,10,65,31,7,46,71] [50,21,74,90,70,28,18,98,19,84,67,48,6,63,51,58,94,56,30,54,60,41,31,10,38,65,46,7,71] pre
50(21(74(90()(70))(28(18)(98)))(19(84(67)(48))(6(63)(51))))(58(94(56()(30))(54(60)(41)))(31(10(38)(65))(46(7)(71))))
**** ****
[32,74,29,76,36,14,90,45,27,19,44,66,16,96,3] [45,76,74,32,29,14,36,90,66,19,27,44,96,16,3] pre
45(76(74(32)(29))(14(36)(90)))(66(19(27)(44))(96(16)(3)))
**** ****
[32,50,13,21,75,24,41,2,23,60,97,79,62,29,83,8,38,4,45,94,7,25,86,89,14,63,48,96,69,36] [8,2,21,50,32,13,24,75,41,79,60,23,97,29,62,83,86,94,4,38,45,7,25,48,14,89,63,69,96,36] pre
8(2(21(50(32)(13))(24(75)(41)))(79(60(23)(97))(29(62)(83))))(86(94(4(38)(45))(7()(25)))(48(14(89)(63))(69(96)(36))))
**** ****
[8,85,27,22,13,57,11,79,7,51,61,64,47,42,35,63,46,81,1,53,67,65,36,24,84,26,28,10,94] [35,79,22,85,8,27,57,13,11,64,51,7,61,47,42,36,1,46,63,81,67,53,65,28,84,24,26,94,10] pre
35(79(22(85(8)(27))(57(13)(11)))(64(51(7)(61))(47()(42))))(36(1(46(63)(81))(67(53)(65)))(28(84(24)(26))(94(10)())))
**** ****
[92,34,43,65,62,74,44,18,61,47,84,82,53,59,38,90,55,31,71,37,14,75,56,86,2,4,88,12,66,80,25] [90,18,65,34,92,43,74,62,44,82,47,61,84,59,53,38,86,37,31,55,71,75,14,56,12,4,2,88,80,66,25] pre
90(18(65(34(92)(43))(74(62)(44)))(82(47(61)(84))(59(53)(38))))(86(37(31(55)(71))(75(14)(56)))(12(4(2)(88))(80(66)(25))))
**** ****
[86,73,85,2,20,91,60,61,12,75,35,17,84,89,65] [61,2,73,86,85,91,20,60,17,75,12,35,89,84,65] pre
61(2(73(86)(85))(91(20)(60)))(17(75(12)(35))(89(84)(65)))
**** ****
[41,42,98,3,67,90,61,20,46,11,76,37,52,87,45] [20,3,42,41,98,90,67,61,37,11,46,76,87,52,45] pre
20(3(42(41)(98))(90(67)(61)))(37(11(46)(76))(87(52)(45)))
**** ****
[19,31,21,72,68,33,79,61,39,80,42,34,38,57,54,97,92,32,49,13,50,76,18,43,81,7,46,47,95] [54,79,21,31,19,68,72,33,42,39,61,80,38,34,57,18,49,92,97,32,50,13,76,7,43,81,47,46,95] pre
54(79(21(31(19)())(68(72)(33)))(42(39(61)(80))(38(34)(57))))(18(49(92(97)(32))(50(13)(76)))(7(43()(81))(47(46)(95))))
**** ****
[10,22,92,52,34,56,96,36,18,17,26,84,28,49,61,6,15,55,66,38,72,75,90,2,42,81,89,29,58,83] [61,36,52,22,10,92,56,34,96,26,17,18,28,84,49,90,66,15,6,55,72,38,75,89,42,2,81,58,29,83] pre
61(36(52(22(10)(92))(56(34)(96)))(26(17(18)())(28(84)(49))))(90(66(15(6)(55))(72(38)(75)))(89(42(2)(81))(58(29)(83))))
**** ****
[84,81,64,79,30,29,6,36,23,60,9,51,8,69,33,32,92,73,21,34,41,38,12,25,62,93,40,65,68,5,80] [32,36,79,81,84,64,29,30,6,51,60,23,9,69,8,33,25,34,73,92,21,38,41,12,65,93,62,40,5,68,80] pre
32(36(79(81(84)(64))(29(30)(6)))(51(60(23)(9))(69(8)(33))))(25(34(73(92)(21))(38(41)(12)))(65(93(62)(40))(5(68)(80))))
**** ****
[71,91,6,85,94,75,42,13,36,44,96,97,37,66,87,67,89,68,84,95,86,1,76,93,7,63,25,24,2,60] [87,42,6,91,71,94,85,75,96,36,13,44,37,97,66,76,84,89,67,68,86,95,1,25,7,93,63,2,24,60] pre
87(42(6(91(71)())(94(85)(75)))(96(36(13)(44))(37(97)(66))))(76(84(89(67)(68))(86(95)(1)))(25(7(93)(63))(2(24)(60))))
**** ****
[69,65,38,7,11,63,88,85,84,61,5,96,28,10,90] [85,7,65,69,38,63,11,88,96,61,84,5,10,28,90] pre
85(7(65(69)(38))(63(11)(88)))(96(61(84)(5))(10(28)(90)))
**** ****
[57,60,41,3,22,10,13,86,84,55,75,20,83,29,90,97,73,45,94,48,31,46,71,35,56,21,33,50,8,78] [97,86,3,60,57,41,10,22,13,20,55,84,75,29,83,90,71,48,45,73,94,31,46,33,56,35,21,8,50,78] pre
97(86(3(60(57)(41))(10(22)(13)))(20(55(84)(75))(29(83)(90))))(71(48(45(73)(94))(31()(46)))(33(56(35)(21))(8(50)(78))))
**** ****
[25,93,96,90,94,35,44,88,77,47,21,40,55] [44,90,93,25,96,94,35,21,77,88,47,40,55] pre
44(90(93(25)(96))(94()(35)))(21(77(88)(47))(40()(55)))
**** ****
[74,69,8,15,23,3,42,80,9,10,43,2,52,48,40,34,54,22,75,82,85,39,1,12,20,56,60,11,68] [40,42,8,69,74,23,15,3,43,9,80,10,52,2,48,1,75,54,34,22,85,82,39,56,20,12,11,60,68] pre
40(42(8(69(74)())(23(15)(3)))(43(9(80)(10))(52(2)(48))))(1(75(54(34)(22))(85(82)(39)))(56(20(12)())(11(60)(68))))
**** ****
[8,69,78,12,54,24,43,42,52,71,59,47,16,4,81] [42,12,69,8,78,24,54,43,47,71,52,59,4,16,81] pre
42(12(69(8)(78))(24(54)(43)))(47(71(52)(59))(4(16)(81)))
**** ****
[69,53,92,10,46,28,60,67,23,33,39,5,27,41,38,85,4,20,79,77,71,2,31,61,66,7,96,95,17] [38,67,10,53,69,92,28,46,60,39,23,33,27,5,41,31,79,4,85,20,71,77,2,7,61,66,95,96,17] pre
38(67(10(53(69)(92))(28(46)(60)))(39(23()(33))(27(5)(41))))(31(79(4(85)(20))(71(77)(2)))(7(61()(66))(95(96)(17))))
**** ****
[15,50,12,76,62,13,69,64,41,3,11,48,83,72,30] [64,76,50,15,12,13,62,69,48,3,41,11,72,83,30] pre
64(76(50(15)(12))(13(62)(69)))(48(3(41)(11))(72(83)(30)))
**** ****
[81,3,36,20,47,35,1,2,86,89,12,90,91,31,5,4,41,78,97,58,65,49,74,92,73,66,45,87,72,7] [4,2,20,3,81,36,35,47,1,90,89,86,12,31,91,5,92,58,78,41,97,49,65,74,87,66,73,45,72,7] pre
4(2(20(3(81)(36))(35(47)(1)))(90(89(86)(12))(31(91)(5))))(92(58(78(41)(97))(49(65)(74)))(87(66(73)(45))(72()(7))))
**** ****
[5,44,34,69,65,64,74,35,45,85,67,55,17,76,16] [35,69,44,5,34,64,65,74,55,85,45,67,76,17,16] pre
35(69(44(5)(34))(64(65)(74)))(55(85(45)(67))(76(17)(16)))
**** ****
[83,86,37,16,96,2,41,54,59,89,92,23,55,35] [41,37,83,86,96,16,2,92,59,54,89,55,23,35] pre
41(37(83()(86))(96(16)(2)))(92(59(54)(89))(55(23)(35)))
**** ****
[37,48,7,82,9,57,20,98,50,54,14,52,90,64] [20,82,48,37,7,9,57,14,50,98,54,90,52,64] pre
20(82(48(37)(7))(9()(57)))(14(50(98)(54))(90(52)(64)))
**** ****
[75,21,44,30,97,49,88,18,10,91,81,23,39,5,79,95,27,25,46,26,85,52,38,54,57,59,15,53,9,74] [79,18,30,21,75,44,49,97,88,23,91,10,81,5,39,38,46,27,95,25,85,26,52,15,57,54,59,9,53,74] pre
79(18(30(21(75)(44))(49(97)(88)))(23(91(10)(81))(5(39)())))(38(46(27(95)(25))(85(26)(52)))(15(57(54)(59))(9(53)(74))))
**** ****
[86,58,75,93,20,14,7,44,61,49,53,8,35,16,40] [44,93,58,86,75,14,20,7,8,49,61,53,16,35,40] pre
44(93(58(86)(75))(14(20)(7)))(8(49(61)(53))(16(35)(40)))
**** ****
[52,92,26,71,16,6,68,9,49,70,53,40,19,41,50,28,46,65,93,90,27,37,85,11,69,94,7,8,62,38] [28,9,71,92,52,26,6,16,68,40,70,49,53,41,19,50,11,90,65,46,93,37,27,85,7,69,94,62,8,38] pre
28(9(71(92(52)(26))(6(16)(68)))(40(70(49)(53))(41(19)(50))))(11(90(65(46)(93))(37(27)(85)))(7(69()(94))(62(8)(38))))
**** ****
[64,43,75,82,97,48,6,62,42,61,54,87,32,74,31,49,96,14,88,47,40,27,18,44,36,34,59,86,20,12,58] [49,62,82,43,64,75,48,97,6,87,61,42,54,74,32,31,44,47,14,96,88,27,40,18,86,34,36,59,12,20,58] pre
49(62(82(43(64)(75))(48(97)(6)))(87(61(42)(54))(74(32)(31))))(44(47(14(96)(88))(27(40)(18)))(86(34(36)(59))(12(20)(58))))
**** ****
